-1.0
0.0
0.25572633015383905
0.14203544743263352
0.12709873802384905
-1.0
-1.0
0.13135884652492155
-1.0
-1.0
-1.0
0.18577724187267292
0.7921546899331245
0.5535766099005767
-1.0
-1.0
-1.0
-1.0
0.5033527312982804
-1.0
-1.0
-1.0
0.4060598744049319
0.3141780627604308
0.15610197953149985
-1.0
-1.0
0.12551189776142857
0.28307301132448587
-1.0
0.49269503981841406
-1.0
-1.0
0.5792876058482469
0.6471515516827313
-1.0
0.90766842079638
0.10702556009433645
-1.0
-1.0
0.16326480285656908
-1.0
-1.0
0.15514386305741412
0.2767258143027836
0.3497515565041356
0.049624217226878806
0.04683632420399982
0.03516476364231727
0.025066366499869302
-1.0
0.30232701499695896
0.44378751022371343
-1.0
0.8394910091081427
0.47702305347538787
-1.0
-1.0
1.0
-1.0
-1.0
0.49883500833150435
-1.0
-1.0
0.286618557078489
-1.0
-1.0
-1.0
-1.0
-1.0
-1.0
-1.0
-1.0
0.18168236699372695
-1.0
-1.0
0.11371252887692129
0.16094407542100642
-1.0
-1.0
-1.0
-1.0
-1.0
-1.0
0.4848684913018197
-1.0
0.7958022320836552
-1.0
0.9157464324607796
-1.0
-1.0
-1.0
0.23152258170480058
0.16878016438878626
-1.0
0.18984773605359304
-1.0
0.9769463558932764
-1.0
0.6525329563336032
-1.0
-1.0
-1.0
-1.0
-1.0
-1.0
0.5261345082558172
0.17576533211821038
0.0792896873981833
0.25847940597301644
-1.0
0.03172100321604709
0.03131058506071519
0.19201459190837783
-1.0
1.0
-1.0
-1.0
-1.0
-1.0
-1.0
1.0
-1.0
-1.0
-1.0
0.11668711812631967
-1.0
-1.0
-1.0
-1.0
-1.0
0.13454396905771646
0.1087030517879856
0.2029203823730755
0.4014883605663521
-1.0
-1.0
0.40894613013922515
0.642236668228155
-1.0
0.06386638319082848
-1.0
-1.0
0.16586108078191406
0.4186087989592402
0.5475785309531462
-1.0
-1.0
-1.0
-1.0
-1.0
-1.0
0.46704217167409146
0.45249199995363415
0.14260128690821552
0.21022900761113147
-1.0
-1.0
-1.0
0.06684599367780106
0.06436949298617417
0.3239840097695025
-1.0
-1.0
0.3107803070735366
-1.0
-1.0
0.3014131101900951
0.2862289859033757
-1.0
0.7300124719941223
0.47470936455884416
0.6225424310478069
0.6016522498030041
-1.0
0.4037186782836287
-1.0
0.05307024977421489
0.169884573224493
-1.0
-1.0
-1.0
-1.0
-1.0
0.034683553447734446
0.20811968553842858
-1.0
1.0
-1.0
-1.0
-1.0
-1.0
-1.0
-1.0
-1.0
0.1939416328536693
0.12208019518983569
-1.0
0.15693411213139868
0.2702949816898759
-1.0
-1.0
0.6913666423690512
-1.0
-1.0
-1.0
-1.0
-1.0
-1.0
-1.0
0.5715304361920674
0.41419267616543254
-1.0
-1.0
-1.0
-1.0
-1.0
-1.0
-1.0
-1.0
-1.0
0.051199434711693186
-1.0
-1.0
-1.0
-1.0
-1.0
-1.0
0.1982688948173388
-1.0
0.35772580286395494
-1.0
0.32855064226017033
-1.0
-1.0
-1.0
-1.0
0.19422821410607696
-1.0
0.08176164980967862
-1.0
-1.0
-1.0
-1.0
0.04311495498370889
0.018784932296378874
-1.0
-1.0
-1.0
-1.0
-1.0
0.2338225759650734
-1.0
-1.0
0.621305816628804
0.18092570348793258
0.056643500782879753
0.22296696758399262
-1.0
-1.0
0.06597135670203406
-1.0
0.376055348393365
0.01468942983056857
0.03514722073204423
0.15076799078606626
-1.0
-1.0
-1.0
-1.0
0.20855015527451592
1.0
-1.0
-1.0
0.014224872257383335
0.07127261018603342
0.07542095967604191
0.13484650032156278
0.11765765341912995
-1.0
0.19914318183095447
0.0600434003308802
0.09032505749153615
0.048371247074028255
-1.0
0.037623772361979696
0.04982429021663136
0.03125995475762696
-1.0
-1.0
-1.0
-1.0
-1.0
0.1830701516108441
0.36704712652161486
0.36415846899657073
0.37531837247680266
-1.0
-1.0
0.674352284725064
-1.0
-1.0
0.34881327483328123
-1.0
-1.0
-1.0
-1.0
-1.0
0.06943923981310333
0.05488342061494518
0.08415257171798152
0.09498475697123887
-1.0
-1.0
-1.0
-1.0
0.5519262698685645
0.7329984480398755
0.722442515944485
-1.0
-1.0
0.7749671154836504
0.6639033062264201
0.6354309136064744
-1.0
-1.0
0.03036522786309161
-1.0
-1.0
-1.0
-1.0
0.050461548085616134
0.011106804087147235
0.01952609844652906
0.017814229100315476
-1.0
-1.0
-1.0
-1.0
0.46230661439707965
0.055700863281605034
0.5503239804332263
-1.0
-1.0
-1.0
-1.0
0.5710030137283449
-1.0
-1.0
-1.0
-1.0
0.18910167887825108
0.05902495170122721
0.5605819664148499
0.9374607081445081
-1.0
-1.0
0.8843376684225883
-1.0
-1.0
-1.0
-1.0
0.43379218023692084
0.41297181283558665
0.5017581515431255
-1.0
-1.0
0.37459577685703854
0.31661912482008825
-1.0
-1.0
-1.0
0.07271570432954874
0.11668714762976214
-1.0
-1.0
-1.0
-1.0
0.38924874501158646
0.3077948018001875
0.4473465233181958
-1.0
-1.0
-1.0
-1.0
-1.0
0.17140724447051583
0.2644934796662301
-1.0
-1.0
0.09652654176283003
-1.0
0.2922302507062763
0.35497456264931426
-1.0
0.24351897455326954
-1.0
0.6620759224031275
-1.0
0.2457382487217553
-1.0
-1.0
-1.0
0.1952778542403112
0.2882888935321186
-1.0
-1.0
-1.0
-1.0
-1.0
-1.0
-1.0
-1.0
-1.0
0.6037847645790394
-1.0
-1.0
0.41083902221436436
-1.0
0.5857947743961285
0.6627615423794396
0.683771794875581
-1.0
-1.0
-1.0
0.7475062985425224
0.8374454874321423
-1.0
-1.0
-1.0
0.31581211767360645
-1.0
-1.0
1.0
0.38608823923921615
-1.0
0.44969989436785784
-1.0
-1.0
0.6261432452488654
0.28522213351139114
0.39747097903692785
-1.0
0.5164292805662405
-1.0
-1.0
-1.0
-1.0
0.3882028832128216
-1.0
0.7209278907845356
-1.0
-1.0
0.44145741564856394
-1.0
-1.0
0.299180288460614
0.1508838021791284
-1.0
-1.0
1.0
0.5941835077555748
0.3738848342329098
0.5275080604588717
0.49927069286697606
0.6114868525580792
-1.0
-1.0
-1.0
-1.0
-1.0
0.4220835431907553
-1.0
0.8469357549845472
0.33810571268182055
-1.0
-1.0
-1.0
0.0226823449828208
-1.0
-1.0
-1.0
-1.0
-1.0
-1.0
-1.0
-1.0
-1.0
0.5350428989436228
0.13529028923489825
0.11088611803919456
0.12113220046842281
-1.0
0.12408558423661278
0.10354517425921674
0.06829890023477325
-1.0
0.6159356217235131
0.5263174554365934
-1.0
-1.0
-1.0
0.6942311841743367
-1.0
0.8667902012525236
0.2885546880209432
-1.0
-1.0
-1.0
-1.0
0.1480096721793753
-1.0
0.9134623761423393
1.0
-1.0
0.4807285507716535
0.40668377944600753
-1.0
-1.0
0.28392783135332494
-1.0
0.29141823842407216
0.3427412397209166
0.6123355244968073
-1.0
1.0
0.8251952499340535
-1.0
-1.0
0.5090906290923909
-1.0
0.37137115814140054
-1.0
-1.0
0.23823579031328387
-1.0
-1.0
-1.0
-1.0
0.190864414303635
0.21795013909772268
0.37388057411194875
0.42816306799525733
0.8161505747179356
0.7870182129521053
-1.0
0.886243844281419
0.9558197379516641
-1.0
-1.0
0.24642746578651148
-1.0
-1.0
-1.0
-1.0
-1.0
-1.0
-1.0
-1.0
-1.0
-1.0
1.0
-1.0
-1.0
0.7875762325819446
0.2976157351160953
0.2067878014598845
0.3724963439227153
0.08026160212214092
-1.0
0.34468032447829955
-1.0
-1.0
-1.0
0.025973808943753663
-1.0
-1.0
0.01971046797199025
0.10408133787495467
0.014754140975196625
0.1936753580932648
-1.0
-1.0
-1.0
-1.0
0.34912529504693285
-1.0
-1.0
-1.0
-1.0
-1.0
0.1243388031396508
-1.0
-1.0
-1.0
0.34854855173381255
0.5844247713189743
-1.0
-1.0
0.1709979286132837
-1.0
-1.0
-1.0
-1.0
1.0
0.05098635629959533
0.03417077673555838
0.04465415947691978
0.03610927125346352
0.1207634484896266
0.1381089872227553
0.6584902542438041
-1.0
1.0
-1.0
-1.0
0.3336159326672128
0.3227298745005838
-1.0
-1.0
0.20627399785488065
0.18104142928452382
0.12927641928575304
-1.0
0.10530929321023069
-1.0
0.03476780159515522
-1.0
-1.0
-1.0
0.03650535847630486
0.267154555603893
0.8221167878440612
0.4958609040226686
-1.0
-1.0
-1.0
-1.0
0.7045260395738265
0.3648635397046193
-1.0
0.9219692775003969
-1.0
-1.0
-1.0
-1.0
0.12023031676504967
-1.0
0.09290817900891155
-1.0
0.03400722587550773
-1.0
-1.0
-1.0
-1.0
0.712711535671227
-1.0
0.869800287698523
-1.0
-1.0
0.06075752559774973
0.09730913373786472
-1.0
-1.0
-1.0
0.06146562095505089
-1.0
-1.0
0.04598021762223819
0.9990754491289288
-1.0
-1.0
-1.0
-1.0
-1.0
0.1430509725022998
0.5342426989740555
0.3113305641484261
-1.0
0.024260277487503847
0.08003078358658336
0.10285186698429784
-1.0
-1.0
1.0
-1.0
-1.0
-1.0
-1.0
-1.0
0.03339261202282902
0.0773103152550023
0.06475340496740431
0.04024138452513646
-1.0
0.021996648405329503
-1.0
-1.0
0.5399956520230186
0.5220954908508367
-1.0
-1.0
0.27901603857668206
1.0
0.7861221404448135
-1.0
-1.0
0.02886563830474732
-1.0
0.014358303145133268
0.010232817000912518
-1.0
-1.0
0.13581523883693244
1.0
0.21868646732972827
-1.0
0.12474171580445938
-1.0
-1.0
0.08689040703020369
-1.0
-1.0
1.0
-1.0
-1.0
-1.0
-1.0
-1.0
0.8285196983516494
0.8880316137252275
-1.0
0.4713898256156438
-1.0
-1.0
0.1294878418222136
0.1275895833517211
-1.0
0.845833163628987
0.1257605847673299
-1.0
-1.0
0.785923913666049
0.7151490495588658
0.5380940068983566
0.458939757706478
0.5373376617506898
0.3763982884157329
-1.0
0.8565491754667364
0.23282458151849447
-1.0
-1.0
0.16521751613978905
0.17126409405735765
-1.0
-1.0
-1.0
-1.0
0.7572445136514623
-1.0
-1.0
0.7224818381996713
-1.0
-1.0
-1.0
-1.0
-1.0
-1.0
-1.0
-1.0
0.7666065853272108
-1.0
0.21910924415692107
0.1813269001174412
-1.0
0.084221560741642
0.15148264850143042
-1.0
-1.0
0.20529419315121658
-1.0
0.5789284709846771
-1.0
0.6109503950777398
0.2657693379328682
-1.0
-1.0
0.3445417694296167
0.410594949454028
-1.0
-1.0
-1.0
-1.0
-1.0
0.5651931140741296
-1.0
-1.0
-1.0
-1.0
-1.0
-1.0
-1.0
0.12016132693313969
-1.0
-1.0
-1.0
-1.0
-1.0
0.12756362362925688
0.04077827645434176
-1.0
0.33632509289029716
-1.0
1.0
-1.0
-1.0
-1.0
0.8270887284844223
0.355768516688239
-1.0
0.16464274345522129
-1.0
0.52424863820808
-1.0
0.12545388510519967
0.05699506363736105
0.1556563686461261
-1.0
-1.0
0.051504665953385785
-1.0
-1.0
0.513481502450983
0.2110138511943614
0.08199722795961037
0.19771424390043277
0.04206108331119938
-1.0
-1.0
0.09293264825279651
0.19719900037626098
0.09477885939017831
0.1354669619852892
-1.0
-1.0
-1.0
-1.0
-1.0
0.037491279979777296
0.18943655197232911
-1.0
0.661762496803218
0.15318743188274977
-1.0
0.1216493105780129
1.0
-1.0
-1.0
0.6469269755365391
-1.0
-1.0
-1.0
-1.0
0.46243882373894907
-1.0
-1.0
0.10925649884203406
0.15263801536182844
-1.0
-1.0
0.10670143520447094
-1.0
-1.0
0.35460026468521944
-1.0
-1.0
0.3361819129991898
-1.0
-1.0
-1.0
-1.0
-1.0
-1.0
-1.0
-1.0
0.45630673665798205
0.2184506111369533
0.07686537214801724
0.10897834178808448
0.05609403995345163
-1.0
-1.0
-1.0
0.2184310560630765
-1.0
0.7288359097768002
0.4363078412104222
-1.0
0.23678597077060518
0.3501314197037568
0.4800416570731395
-1.0
0.3892946758247418
-1.0
-1.0
-1.0
0.5542504988866417
-1.0
0.7257199505680271
-1.0
-1.0
-1.0
-1.0
0.0761738004713563
0.5032084084611744
1.0
-1.0
-1.0
-1.0
-1.0
0.2215711787234287
-1.0
-1.0
0.16090208190648225
0.3410519743404389
-1.0
-1.0
-1.0
-1.0
-1.0
0.18923937968607984
-1.0
0.46557186876000073
-1.0
-1.0
-1.0
-1.0
-1.0
-1.0
0.049930140037439265
0.4000045593755834
0.361504734435459
-1.0
0.17868127588787433
0.12054013343909943
0.1616516779775176
-1.0
-1.0
0.13538533542051723
0.046738799374289784
0.0304338333177409
-1.0
-1.0
-1.0
-1.0
-1.0
-1.0
-1.0
-1.0
-1.0
-1.0
-1.0
-1.0
-1.0
-1.0
0.09802082840211437
0.09956814822854615
-1.0
-1.0
-1.0
-1.0
0.0578381669904484
0.13587720666995426
-1.0
0.13179607172658556
0.11471518493200351
-1.0
0.0362710879183703
-1.0
-1.0
0.24767693016506817
-1.0
-1.0
0.2819817828072936
-1.0
-1.0
0.36097614070842127
0.4449139175797271
-1.0
0.6922914811309011
-1.0
0.8841115561418893
-1.0
-1.0
0.6857597942055211
-1.0
-1.0
0.0540087860501384
0.0386904819128136
0.07774200920224482
0.14670690633517688
-1.0
-1.0
0.05019970648075166
-1.0
-1.0
0.20746282911743577
0.07805008319920571
-1.0
1.0
-1.0
-1.0
-1.0
-1.0
-1.0
0.019686614735453255
0.17633548813741887
-1.0
-1.0
0.12203958609658672
-1.0
-1.0
-1.0
-1.0
-1.0
0.1518345868349758
-1.0
0.8978654022369457
-1.0
-1.0
-1.0
0.48699711435530474
-1.0
-1.0
-1.0
-1.0
-1.0
-1.0
-1.0
-1.0
-1.0
-1.0
0.8358820705387698
0.883546636565524
-1.0
-1.0
-1.0
-1.0
0.12090357430462302
0.0900635977964704
-1.0
-1.0
0.32616723162872224
-1.0
1.0
-1.0
-1.0
-1.0
0.2568210370169091
-1.0
-1.0
-1.0
-1.0
-1.0
1.0
1.0
0.026136325553977525
-1.0
-1.0
-1.0
-1.0
-1.0
0.04105580916049274
0.1523979157351417
-1.0
-1.0
0.17913197039761672
-1.0
-1.0
0.8240070638290369
-1.0
-1.0
-1.0
-1.0
0.05066564009493095
0.028658435652991934
-1.0
-1.0
0.22738533955617088
-1.0
-1.0
-1.0
0.03319718263582085
0.09865330606886745
0.11187429154841307
-1.0
0.22408216614576207
-1.0
1.0
-1.0
0.11004990715342405
-1.0
0.04150781851377611
-1.0
0.021002728899635607
-1.0
-1.0
0.28093104070212416
0.8669610923553123
1.0
-1.0
0.06169310398422017
0.11502052817267405
-1.0
-1.0
0.07387235338992094
-1.0
-1.0
-1.0
-1.0
0.4946211774103214
0.7405626723074645
-1.0
0.13559124038551637
0.18235327945673913
-1.0
-1.0
-1.0
-1.0
0.19639623167661227
-1.0
-1.0
0.22891226074008414
-1.0
-1.0
0.4559605090988884
0.1195389073404768
0.0640452531195543
-1.0
0.8545840227464726
0.38873653820524545
0.05251265981519175
0.0918973042875609
0.1278883168371471
0.07682713601742593
0.0812032645530744
-1.0
1.0
0.7178552839619405
0.07264436740482141
0.07096474111000872
0.045776667170066995
0.13561426457418072
-1.0
-1.0
-1.0
-1.0
0.7758553894357069
-1.0
-1.0
-1.0
0.21138884142685282
-1.0
1.0
-1.0
-1.0
0.1941208942335987
-1.0
-1.0
0.6035438459971535
0.4563126241281074
0.1273544931564438
-1.0
-1.0
-1.0
-1.0
0.19817415534961522
0.11922236193993521
-1.0
-1.0
0.5024742797602381
-1.0
-1.0
0.05116792819447305
0.1333908563408949
-1.0
-1.0
-1.0
0.08154670512868249
-1.0
1.0
0.9519468492149248
0.2938045547100467
0.3252100105739707
-1.0
-1.0
-1.0
-1.0
0.4912449636219548
0.6807598729941985
-1.0
0.5432920902031224
-1.0
0.28064165129100027
0.24372542662480132
-1.0
-1.0
-1.0
-1.0
-1.0
0.3033270530719763
-1.0
-1.0
0.3573462808893461
-1.0
-1.0
-1.0
-1.0
0.024499714484510514
-1.0
-1.0
0.12663412866037102
0.24930329324626085
0.19199111491584842
-1.0
0.8711758255192421
1.0
-1.0
0.10858305520516713
0.027192495835786583
0.026306578303474572
-1.0
-1.0
-1.0
-1.0
-1.0
-1.0
-1.0
-1.0
-1.0
0.07836905394125893
0.05136219269330569
-1.0
0.2140957995636722
-1.0
-1.0
-1.0
-1.0
-1.0
0.12333980469262089
-1.0
-1.0
0.15248848321301076
0.8918544502936815
-1.0
0.6266144586865366
-1.0
0.9187902754615314
-1.0
-1.0
-1.0
-1.0
-1.0
-1.0
-1.0
0.19596500706412517
-1.0
-1.0
-1.0
-1.0
-1.0
-1.0
-1.0
0.02630276139195365
0.02092839388406984
-1.0
-1.0
-1.0
0.05544312429472195
-1.0
-1.0
-1.0
-1.0
-1.0
-1.0
-1.0
0.07635925569301567
-1.0
0.07671561855808517
-1.0
0.6185251917649518
-1.0
-1.0
-1.0
-1.0
0.10487453172320975
0.01718977025372155
0.020499905319705625
0.07491423729838878
-1.0
-1.0
0.25610297574680796
-1.0
0.39521130274510935
0.4565261297132898
0.5424884410246028
-1.0
0.5852375244719971
0.46748824824684615
-1.0
-1.0
0.536667141680736
-1.0
-1.0
-1.0
-1.0
-1.0
-1.0
-1.0
-1.0
-1.0
0.6767761822151549
-1.0
-1.0
0.7252825460443829
0.787582362496899
-1.0
0.7700937711971687
-1.0
-1.0
-1.0
0.1560203130825141
-1.0
-1.0
-1.0
-1.0
-1.0
0.46510135502018435
-1.0
1.0
0.08595903782681874
0.08750673935610682
0.031451762818001765
0.045197467748825354
-1.0
0.03824492908077326
-1.0
-1.0
-1.0
0.5339608576085715
-1.0
0.9014886254290947
-1.0
0.12059881070037984
-1.0
-1.0
-1.0
-1.0
0.03189151667186423
-1.0
0.46600364689736495
-1.0
-1.0
0.7554961570163693
1.0
-1.0
-1.0
0.1575803730252653
0.14737176214920492
-1.0
-1.0
-1.0
0.09636706740545495
-1.0
-1.0
-1.0
-1.0
-1.0
-1.0
0.516689039766076
-1.0
-1.0
0.3000953035229487
-1.0
-1.0
0.09698572431088101
0.19286660385067755
-1.0
0.14958662722112995
0.29878793833898565
1.0
0.6279012994389799
-1.0
-1.0
0.1846624548637192
0.2191337586227403
0.2688910487898373
-1.0
-1.0
0.9589505048214891
0.8345688573265373
-1.0
-1.0
-1.0
-1.0
-1.0
0.5373992197716477
-1.0
-1.0
0.04020030848048665
-1.0
-1.0
0.04812901846424847
-1.0
0.4348892445315471
-1.0
-1.0
-1.0
0.9547697292560319
0.397342411692898
0.10045848013694893
-1.0
-1.0
0.29912968870476253
-1.0
-1.0
-1.0
0.3202748836742038
-1.0
-1.0
-1.0
-1.0
0.0737916773578242
-1.0
0.04191421196424353
0.639656953767781
0.1004665591630841
0.23512592374545796
-1.0
-1.0
-1.0
-1.0
-1.0
-1.0
-1.0
-1.0
-1.0
0.07792633744918918
-1.0
0.056847874089947494
-1.0
-1.0
-1.0
-1.0
1.0
1.0
-1.0
0.021766399834734395
-1.0
0.032126748726182035
-1.0
-1.0
0.04827483152084755
0.010703766677916877
0.12611713824294407
0.3717024588654831
-1.0
-1.0
-1.0
-1.0
0.07159383407960038
-1.0
-1.0
0.09216016215060684
0.10261220040135177
0.3766324960574319
0.6354077107103127
-1.0
-1.0
-1.0
0.04025857444823203
0.08518091686387746
0.09326154447348697
0.28474227943781094
0.07790303651854334
0.11505554691740301
-1.0
-1.0
-1.0
0.5368228278168811
0.6899668361307154
0.570915167408319
0.46954315102531774
0.3528688091920555
-1.0
-1.0
-1.0
0.2395187612939503
0.48999513467445044
0.5192131414250634
-1.0
-1.0
-1.0
-1.0
0.3862307298596494
0.4125198768402766
-1.0
0.09575905712118389
0.16052159115525502
-1.0
-1.0
0.13912765979899175
-1.0
-1.0
-1.0
-1.0
-1.0
0.3686647113180101
-1.0
-1.0
0.7248351604761043
-1.0
-1.0
-1.0
-1.0
0.5777656401730289
-1.0
-1.0
-1.0
-1.0
-1.0
0.9135913495867144
-1.0
-1.0
0.7611072837779217
0.9549739690944336
0.9434486867260922
-1.0
-1.0
0.09375394285643437
0.0585802350954657
-1.0
-1.0
0.057032280355656946
-1.0
-1.0
0.03757130653728251
0.10248844077475583
0.21340462519077272
-1.0
0.2885269004809081
-1.0
-1.0
-1.0
-1.0
0.39145786423304946
-1.0
0.08251345999086612
-1.0
0.13767194186824203
0.15502074573030664
-1.0
-1.0
-1.0
-1.0
0.9971233077766554
-1.0
-1.0
-1.0
-1.0
0.2710799564326117
0.15454438596094625
-1.0
0.07789395979368935
0.6212719995621181
0.0753477471901396
-1.0
-1.0
0.021115558382220057
-1.0
-1.0
0.014044707566035583
-1.0
-1.0
-1.0
0.07112031907423218
0.43472385342951686
-1.0
0.01910933341783695
0.08594009896166839
-1.0
-1.0
0.2514165889128193
-1.0
-1.0
-1.0
-1.0
0.5534972890891843
0.5680351933617298
-1.0
-1.0
0.2583473281050097
-1.0
-1.0
0.15728396067701192
-1.0
0.6300228166120515
-1.0
-1.0
0.4051241861933477
0.8638955755908877
-1.0
-1.0
0.1460622122732835
-1.0
-1.0
0.06296050872510221
-1.0
0.19574541796700176
0.31023400647549193
-1.0
-1.0
0.4375656275530495
-1.0
-1.0
0.3807121244273398
1.0
0.43727237040330275
0.48009730549492763
-1.0
-1.0
0.166350599466037
-1.0
0.17382813619637533
0.11280561826860062
-1.0
0.07474276690996981
-1.0
0.5609635851306958
0.7659016030192956
0.05306316104808633
0.1865116344114985
0.15822469925631508
0.2482677969564013
0.4225093705791767
0.6203140620441601
-1.0
-1.0
-1.0
-1.0
-1.0
-1.0
0.36477565425305525
-1.0
0.5095983991556836
-1.0
-1.0
0.37820023778807776
0.26125493509078285
-1.0
0.07124679911240568
0.09113866416803797
-1.0
-1.0
-1.0
-1.0
-1.0
-1.0
-1.0
-1.0
-1.0
-1.0
-1.0
-1.0
-1.0
-1.0
-1.0
0.6844824888409011
-1.0
0.7694231987372695
0.5823620465405163
-1.0
-1.0
-1.0
-1.0
-1.0
-1.0
0.2819539253124741
0.30503695416980214
-1.0
0.3563338329432683
0.4937964667990451
-1.0
-1.0
0.5828351533499568
-1.0
-1.0
-1.0
-1.0
-1.0
0.9197177694653502
-1.0
0.13153245943442213
-1.0
0.08157848245530319
-1.0
0.6838112853801829
-1.0
-1.0
0.7697758569623473
-1.0
-1.0
-1.0
-1.0
-1.0
-1.0
-1.0
-1.0
-1.0
-1.0
0.5861052960799275
-1.0
0.2104143155509334
0.026198314341286926
0.012721150138448243
0.01706291824264599
-1.0
0.045443533351124304
0.360224764368221
0.26797285217005945
0.11099450200884113
0.2526093601262689
0.30397912689383133
0.1443928990897989
-1.0
-1.0
-1.0
0.045812940203771454
1.0
-1.0
-1.0
-1.0
-1.0
-1.0
0.2151107118054644
0.2315460567198311
-1.0
0.2337158490445829
0.2607916147271911
-1.0
-1.0
0.4636178456830405
-1.0
-1.0
0.7213833085163763
-1.0
0.8671319213377829
0.5119184468728977
-1.0
0.3507709962365705
-1.0
-1.0
-1.0
0.10656839351346356
-1.0
-1.0
-1.0
0.03376693716317055
-1.0
1.0
-1.0
0.014899937066593079
0.01772204224460291
0.11387962792243993
-1.0
-1.0
-1.0
0.6673733955207246
0.8081404798377213
-1.0
0.20164523314245314
0.5630090219714273
0.3943067234956201
-1.0
-1.0
-1.0
-1.0
-1.0
0.1658189297575257
1.0
0.6713995188681882
-1.0
-1.0
0.010243844965047056
0.016483732503705727
0.05824779803774737
-1.0
-1.0
