-1.0
-1.0
-1.0
0.40684780239655577
0.6231255115637048
0.32651725096107825
-1.0
-1.0
0.26024985246657545
0.45411292796880637
0.2217165622517129
-1.0
-1.0
0.39248915760230874
-1.0
0.5849160982596677
-1.0
0.5466740772156851
0.47134185375311627
0.6252268386943719
-1.0
-1.0
-1.0
0.25620557900477126
0.28950711120878014
-1.0
0.2948309442417951
0.3599081620229032
0.25448866378638196
0.5208998401367975
-1.0
0.5003859936951813
0.5703736140134757
-1.0
0.09438039803047535
0.08128088442434979
0.29090218804162243
0.32151889731005445
-1.0
0.4727926919852412
-1.0
-1.0
-1.0
0.0974735920014257
0.06256177023420892
0.14754381971808053
0.6429657964822777
0.8762971157415904
-1.0
0.7834290642897002
-1.0
-1.0
0.03370117086522636
0.019558282334570073
-1.0
-1.0
-1.0
-1.0
-1.0
-1.0
-1.0
-1.0
-1.0
-1.0
0.3596427170964347
-1.0
-1.0
0.13160118641450128
0.28997346400183105
-1.0
-1.0
-1.0
-1.0
-1.0
0.12022380902540852
-1.0
-1.0
-1.0
-1.0
0.5764212354120637
-1.0
-1.0
-1.0
-1.0
0.5595378858003098
-1.0
0.6742861681415246
-1.0
-1.0
0.09703918102863254
0.12211690527219513
0.44036338601263536
0.6915594845117751
0.5850719659901623
-1.0
-1.0
-1.0
0.3196804960756098
-1.0
0.213237758611533
0.3618445960795426
-1.0
0.5246553090423858
0.5936209476311213
0.1240717923674707
0.1123269011160953
0.031137012733365665
-1.0
0.04558816218377939
0.023800774121727347
-1.0
1.0
0.7044552836462025
-1.0
-1.0
-1.0
0.8079991431826571
-1.0
-1.0
-1.0
-1.0
-1.0
-1.0
-1.0
0.5793409532269843
0.32529006985673986
-1.0
-1.0
-1.0
0.8957854389981443
1.0
-1.0
-1.0
-1.0
-1.0
0.125725325693961
0.3067255321387718
-1.0
-1.0
0.13911204972027033
-1.0
-1.0
-1.0
0.8313236981283856
0.8726196082274428
0.39295933731941224
0.6301776029103925
0.2386866874137257
-1.0
0.09025765144721738
0.02546722591756737
0.15931994694370322
-1.0
0.25531459029601083
0.02248035996007053
0.021243374683282978
0.543735414703733
0.16350656617787174
0.24939835207469502
-1.0
-1.0
0.07650986836191365
0.22098435432511154
0.16370305693665768
-1.0
0.38385362496498965
0.4183568344261565
-1.0
-1.0
0.7668780310044135
0.22498475692422157
0.15837642779936656
0.11055279389349859
0.32629520692904673
-1.0
-1.0
-1.0
-1.0
-1.0
-1.0
-1.0
-1.0
-1.0
0.4675213139455952
-1.0
-1.0
0.7196485779458754
-1.0
-1.0
0.5843681193551837
-1.0
0.7926690966450517
0.5606801149543601
0.3839280698941564
0.4012447442387203
0.40365631892379217
0.3990263892912519
0.3604864150456957
-1.0
-1.0
0.14973130815361127
-1.0
-1.0
-1.0
0.33613453901537493
0.2753327726437358
-1.0
-1.0
-1.0
0.168894423145037
-1.0
-1.0
0.23965599545380903
-1.0
-1.0
-1.0
0.6171711225867694
-1.0
-1.0
-1.0
-1.0
-1.0
0.31712666623336117
0.5493327073187445
0.4979825629463299
-1.0
-1.0
-1.0
-1.0
0.4217027287842361
-1.0
-1.0
-1.0
0.08590166097439422
-1.0
-1.0
-1.0
0.5069872358802949
-1.0
-1.0
-1.0
-1.0
-1.0
-1.0
0.34967314537881944
-1.0
0.2945109904646975
0.6244518029359548
1.0
0.27043475394993116
-1.0
0.04626276157794399
0.055470038536499025
-1.0
0.07583291126042088
-1.0
0.11840512425891754
-1.0
0.037805780944434035
0.012586719572062758
0.01601332083430234
-1.0
-1.0
-1.0
0.3184028849642502
-1.0
-1.0
0.1213179145099772
1.0
-1.0
-1.0
0.1852628759046228
0.3007952147278146
-1.0
1.0
-1.0
-1.0
0.915627519620901
-1.0
-1.0
0.05988933449508715
0.1507883581233136
0.6425358592276419
0.7866560182208493
0.5936336143587226
-1.0
0.08743126232231058
-1.0
-1.0
-1.0
-1.0
-1.0
-1.0
0.25854405407080183
0.967848003021321
0.21918546851274065
0.04931515648553387
-1.0
-1.0
-1.0
-1.0
-1.0
-1.0
-1.0
0.02633209130394971
-1.0
-1.0
-1.0
-1.0
-1.0
0.5625301936939554
0.6486340420327065
-1.0
-1.0
-1.0
0.1922854735162568
-1.0
-1.0
0.24352709321471036
0.3032406470390686
0.4119178893709331
-1.0
-1.0
0.1959561114163118
-1.0
-1.0
0.43528902780014694
0.7087565878851646
0.6503770341719609
0.41294558065890274
0.1683218004505389
-1.0
-1.0
-1.0
0.3378852093106206
-1.0
-1.0
0.26074945130707544
0.19939418508115092
0.23163137843208478
0.4535710504942017
-1.0
-1.0
0.21077255426160665
0.5533544078442056
0.6449952268289805
0.3170803753435818
0.3169176418003694
-1.0
0.12350031376558697
0.3006126918012425
0.32776700203100334
-1.0
-1.0
0.40093039017362864
-1.0
-1.0
-1.0
0.28398250043653905
-1.0
-1.0
-1.0
-1.0
0.5193722512971374
0.3832727093049941
0.6248605572398169
-1.0
-1.0
-1.0
0.5436214286650481
-1.0
-1.0
-1.0
-1.0
-1.0
0.49058078679728523
-1.0
0.30531948512127766
-1.0
-1.0
-1.0
0.4841547732587266
-1.0
0.6749523285029306
0.7223550105672991
-1.0
-1.0
1.0
-1.0
0.24668521811044825
0.2903618661044944
0.22644223811354783
-1.0
-1.0
-1.0
-1.0
0.2107295888620737
-1.0
-1.0
-1.0
-1.0
-1.0
-1.0
-1.0
-1.0
0.9490761204239555
0.35098296868847534
0.2615046638720537
0.22781676896544722
-1.0
-1.0
-1.0
0.08325372142494081
0.1121688936514962
-1.0
-1.0
-1.0
-1.0
-1.0
-1.0
0.3459334918924522
0.23134744986447028
0.6410300138660253
0.6698411795288166
-1.0
-1.0
-1.0
-1.0
-1.0
-1.0
0.13741512635415137
0.1287162233472629
-1.0
-1.0
-1.0
-1.0
0.18457885489155054
0.30364153934563604
0.39718640968327634
-1.0
-1.0
0.7518085912153243
0.9505131815318002
-1.0
-1.0
-1.0
-1.0
0.7030485610503132
-1.0
-1.0
0.43033749695993057
0.527427402313713
-1.0
0.40244721568661884
-1.0
-1.0
-1.0
0.1546172910317588
0.38244423961029445
0.2393887581651427
0.3358504516945233
-1.0
-1.0
0.181328195652336
-1.0
-1.0
0.1112970033676925
-1.0
0.6650695761548676
0.06056198053115688
-1.0
0.04738889459003867
0.034222050657567595
-1.0
0.45664460363166465
-1.0
-1.0
-1.0
-1.0
-1.0
-1.0
-1.0
-1.0
-1.0
-1.0
0.15426064241433163
0.2683774553832456
-1.0
0.36292611861669277
-1.0
0.12366676552868308
0.10621552403099384
0.24659074504360853
-1.0
1.0
1.0
-1.0
0.4696199002861641
-1.0
-1.0
-1.0
0.01617339363781385
-1.0
0.840789513731028
0.8844617753959868
-1.0
-1.0
0.046523572203506336
-1.0
0.015224382257911943
0.07302150212945163
0.07026043463207038
0.02005827002830859
0.09277073820308744
-1.0
-1.0
0.14924910928837964
-1.0
-1.0
0.13632263205632617
-1.0
0.6984424984957298
0.10508205226574097
-1.0
0.17369501838422774
-1.0
-1.0
-1.0
0.6240584174280245
-1.0
0.6910105882886197
0.6159200146158041
-1.0
-1.0
-1.0
0.5912374854003074
-1.0
-1.0
-1.0
0.26824775985277083
0.3329822020738262
0.3527877676175897
-1.0
1.0
-1.0
-1.0
-1.0
-1.0
0.7005755718074933
0.044156967000014424
0.059127636529409264
-1.0
0.04580260045312313
-1.0
-1.0
-1.0
-1.0
-1.0
0.05776595138770636
-1.0
-1.0
-1.0
-1.0
0.19149238481132438
0.1296450075586131
0.07610715287950204
-1.0
0.6385194148091898
0.624300358827408
-1.0
-1.0
0.26650511315873754
-1.0
-1.0
-1.0
0.09687160131652836
0.4583489564708475
0.4825224011783994
-1.0
-1.0
-1.0
0.3994942549402788
-1.0
0.8275607846310736
-1.0
-1.0
0.23265195528729932
-1.0
0.26625336286800566
-1.0
-1.0
-1.0
-1.0
-1.0
0.1839015429274756
0.19233797126781849
0.4595334164096367
-1.0
-1.0
-1.0
-1.0
0.2006208636571583
0.6108087228049803
0.4606614089262458
0.26206299015645357
1.0
0.5296162713568406
1.0
1.0
-1.0
0.1532971901997806
-1.0
0.07675380623371138
0.16340625567815872
0.38155000039585196
-1.0
0.12020159391779243
0.06683403964975289
0.12074875913319048
-1.0
0.11542881928575394
-1.0
-1.0
0.0798475062295339
-1.0
-1.0
0.2594209269457908
0.10686129644778287
-1.0
0.19876523958501324
0.3772937920964846
0.3539552446369108
-1.0
0.9174381957689492
0.6198851926391847
0.36362938804512224
0.6977090573516401
0.3043152615581773
0.3925212935256414
-1.0
-1.0
-1.0
0.23276138512984226
0.28666192994087675
-1.0
0.3282206196728787
0.2413411187953692
-1.0
-1.0
0.6009922488504701
-1.0
-1.0
0.09793030146849868
-1.0
0.6310522906418243
-1.0
-1.0
0.546716745823104
1.0
0.04418349807692139
-1.0
-1.0
0.03335919733146765
-1.0
-1.0
0.026621662559820673
0.774026854397165
-1.0
-1.0
-1.0
-1.0
-1.0
0.08280917190131297
-1.0
-1.0
0.1447621937127575
0.13352416651441473
-1.0
-1.0
-1.0
0.7746050535199227
0.6049729596523467
-1.0
-1.0
-1.0
-1.0
-1.0
0.45834318567061133
0.356032248655677
1.0
0.19848563410581943
0.17651225195270237
-1.0
-1.0
0.2798453292068082
0.6684773466859145
1.0
1.0
-1.0
0.175598737744233
0.17189718426319522
0.14688673799190372
-1.0
0.08500404476208825
-1.0
-1.0
1.0
-1.0
-1.0
0.024403303996846773
0.10715391833515893
0.09349491163101036
0.13973550994152037
-1.0
0.16781820795180694
0.1911288707488452
1.0
0.8970786506407646
-1.0
-1.0
-1.0
-1.0
-1.0
-1.0
-1.0
-1.0
0.5717782684435954
-1.0
-1.0
0.18393898530875322
0.27067334478096566
-1.0
0.9776402447425938
0.15973287532216585
-1.0
0.05204376297228474
-1.0
-1.0
-1.0
0.03984569792958224
0.46960124459120184
0.6968209402970624
-1.0
-1.0
-1.0
-1.0
-1.0
-1.0
-1.0
-1.0
1.0
-1.0
-1.0
-1.0
-1.0
-1.0
0.21612452912425767
0.2183533901920134
-1.0
0.18662845832951286
0.16559099467780564
-1.0
-1.0
-1.0
-1.0
-1.0
-1.0
-1.0
0.23801277920214595
0.34980934931406665
0.8060927782200751
0.30574122812943577
-1.0
0.08897617694425394
0.07921194679351343
-1.0
-1.0
0.7059866136422757
-1.0
0.468156162979883
-1.0
0.6363002556069244
0.7530342996786582
-1.0
0.6800796693138482
1.0
-1.0
0.06137533409751703
-1.0
-1.0
0.07770817998019741
-1.0
0.08815517415814779
0.056091172871209315
-1.0
0.04054941085828998
0.3730288455803091
-1.0
-1.0
0.08425835851678014
0.1708950393288754
-1.0
1.0
-1.0
-1.0
-1.0
-1.0
0.39608650225622
-1.0
0.11413589174587137
-1.0
-1.0
-1.0
-1.0
-1.0
0.0927063710370461
-1.0
0.02950176277271557
1.0
0.5739714395427646
0.7496808571202906
-1.0
0.2850178624933433
-1.0
-1.0
-1.0
-1.0
-1.0
-1.0
0.4369750025422209
0.6066782511440802
0.631603881276113
-1.0
0.994345427306047
1.0
-1.0
-1.0
-1.0
0.2199640076147756
0.06354187495294707
0.13277937271179327
-1.0
-1.0
-1.0
0.10083493881903136
-1.0
-1.0
0.1656600862829701
-1.0
0.0788863008386118
-1.0
-1.0
0.03205897004175603
0.020645559905546895
0.28876444354989705
-1.0
-1.0
0.054150593727904664
-1.0
1.0
-1.0
0.6900864095451797
-1.0
-1.0
0.10655017324362712
-1.0
-1.0
-1.0
0.0920197161304986
0.06888822156721033
-1.0
-1.0
-1.0
-1.0
-1.0
-1.0
-1.0
-1.0
-1.0
-1.0
0.16925864341421157
0.13465641789215185
-1.0
0.11605369310589106
0.6501321833710683
1.0
0.9802968846031637
-1.0
-1.0
-1.0
-1.0
0.09240821139009228
-1.0
0.09750573727635746
0.0912337618907839
-1.0
0.9081840993560683
0.15954066184504098
0.16068768621124715
-1.0
0.3516710597261353
-1.0
0.04846663960224652
-1.0
-1.0
0.22643253528280732
0.2837382339350606
-1.0
-1.0
-1.0
-1.0
0.18553096891089293
0.1412738331446419
-1.0
-1.0
-1.0
-1.0
-1.0
0.08316250338224776
0.06918144266504936
-1.0
0.1267768112863252
-1.0
-1.0
-1.0
0.18983533569697128
-1.0
-1.0
-1.0
-1.0
0.19729796590646306
0.13114662316834808
-1.0
-1.0
0.0671188789831719
-1.0
-1.0
0.10317707002722724
0.11273829296799498
0.7365046862441128
0.9676163416767781
-1.0
-1.0
-1.0
-1.0
0.05314967855468497
0.10927351332215123
0.05514863575641998
0.8059680127693248
0.7609367369481584
-1.0
-1.0
-1.0
-1.0
0.07570164811962389
0.4439839265700265
-1.0
-1.0
-1.0
0.1749461608660888
-1.0
-1.0
0.015062998498519836
0.013839789068381058
-1.0
0.0759014012266811
-1.0
-1.0
-1.0
-1.0
0.16591864551394328
-1.0
0.14011095061944842
-1.0
-1.0
0.03138691448865261
-1.0
-1.0
0.10144457251872532
-1.0
-1.0
0.04640977056215242
-1.0
-1.0
0.029652427935208364
0.29277153442035103
-1.0
-1.0
-1.0
0.10963257315111757
-1.0
-1.0
0.08237231552856002
-1.0
-1.0
0.05332578065882164
0.044638291710464295
0.7767202878470115
0.8767170530778635
-1.0
-1.0
0.3598531604977183
-1.0
-1.0
0.5423889966730381
1.0
-1.0
-1.0
-1.0
0.6007785973972017
0.6490347718065341
1.0
-1.0
0.48984296443236336
0.8055636306332142
-1.0
-1.0
0.10524881715208816
0.12189959576376362
-1.0
-1.0
-1.0
-1.0
0.07183242025130211
0.5478474883283831
-1.0
1.0
0.6581680266574284
-1.0
0.10749822372782879
-1.0
-1.0
0.04115890686588586
0.019084933596395244
0.11908094875097587
0.34343300355820594
-1.0
0.6898029461411508
-1.0
-1.0
-1.0
0.10237742725368797
0.09169482489983273
-1.0
-1.0
-1.0
-1.0
0.6882439352335513
-1.0
0.7887494797556406
0.6560211272937958
-1.0
0.302754235382288
0.11575111543361333
0.21271048906180615
0.2857182749522027
0.2124265959249376
-1.0
0.18960783796070685
0.7818097000505922
-1.0
0.21663494669731964
-1.0
0.18814472322327902
0.2789981779941433
-1.0
-1.0
0.3982590007330168
0.5785231542015943
-1.0
-1.0
-1.0
-1.0
-1.0
0.6266716834538664
0.5016340103041463
-1.0
-1.0
-1.0
-1.0
-1.0
-1.0
0.7001836849930934
0.8293196942863372
-1.0
-1.0
0.892507763289013
-1.0
-1.0
0.16412805786546195
-1.0
-1.0
-1.0
0.46426297451623616
0.2777480284896846
0.1353205331145196
-1.0
-1.0
1.0
0.7655584479477823
-1.0
0.13848729500595774
0.17843651194302929
0.17250713807862064
-1.0
0.18098454271026995
-1.0
-1.0
0.7298875943826004
-1.0
-1.0
-1.0
0.035490841447945155
-1.0
-1.0
-1.0
-1.0
-1.0
0.4572904535122599
0.8666868101761781
0.041940195585957726
0.03093368949089385
-1.0
-1.0
-1.0
0.09011928612429634
-1.0
-1.0
-1.0
0.08006376533290117
0.46900679863619443
1.0
-1.0
-1.0
0.5642565346473397
-1.0
-1.0
-1.0
-1.0
-1.0
0.1830183609328185
-1.0
0.6030418953462585
0.5769050528245862
0.7298652275715632
0.4775619286718978
0.5084648185234065
0.5404474439588509
-1.0
0.30242222128536517
0.20029728306994452
0.098337503848173
0.12223224193185799
0.15335847357417084
0.19685368048077567
0.1160481040090164
-1.0
0.33361705210314896
0.4385402778681412
-1.0
-1.0
-1.0
-1.0
0.5904393921103045
-1.0
-1.0
0.39457996951718727
0.33663978006587414
0.5606271902083937
-1.0
-1.0
-1.0
-1.0
-1.0
-1.0
-1.0
0.23741836661145357
-1.0
-1.0
0.518929315865979
-1.0
0.33917809991192466
-1.0
-1.0
-1.0
-1.0
-1.0
0.5250404786585071
-1.0
0.2434225070518703
0.15943103846021223
-1.0
0.3397962536120021
0.2534227862819379
0.27719579048311727
0.19421811268390435
-1.0
-1.0
-1.0
-1.0
0.6562431691590755
0.12883773790889383
0.1634629950419537
0.1884517242925174
0.317053142776998
-1.0
-1.0
-1.0
0.32947093672347616
0.3169718919788571
-1.0
-1.0
-1.0
-1.0
-1.0
-1.0
0.3947670683350775
-1.0
-1.0
-1.0
-1.0
0.6139170044452974
0.08906738014381252
0.14881829784271464
0.12034568236709353
-1.0
-1.0
-1.0
-1.0
-1.0
-1.0
-1.0
0.9434337270684701
0.9787358037547597
-1.0
0.583148972403307
0.03624316697704524
0.06478735147609777
0.12162226932038264
0.23239651086757737
0.5147054196629912
0.48273626437327705
-1.0
-1.0
-1.0
-1.0
-1.0
-1.0
-1.0
0.07166314425640576
0.6025356875169589
0.03870451114089152
0.042717861726994204
0.030470980375432704
-1.0
-1.0
-1.0
-1.0
-1.0
0.518397217723794
-1.0
-1.0
-1.0
-1.0
-1.0
-1.0
-1.0
-1.0
-1.0
-1.0
-1.0
-1.0
-1.0
-1.0
-1.0
0.3422484274270247
-1.0
-1.0
-1.0
-1.0
-1.0
-1.0
-1.0
0.04908065060416501
0.05770415469735441
-1.0
-1.0
-1.0
-1.0
-1.0
-1.0
-1.0
-1.0
-1.0
0.3037677310332867
-1.0
0.05872399661035824
0.1746100985478585
0.3967030582332024
1.0
0.4173348689257407
-1.0
-1.0
0.3308162660637389
-1.0
0.4602088757804384
0.09577179964800293
0.08797749785518932
0.23259654014363035
-1.0
-1.0
-1.0
1.0
0.15208362955555993
-1.0
-1.0
-1.0
0.1417137635279579
-1.0
-1.0
-1.0
-1.0
-1.0
-1.0
0.171819512966068
-1.0
-1.0
-1.0
-1.0
-1.0
0.10431129228843918
0.09074993774682497
0.12532369155255138
-1.0
0.6393262459044075
0.7587299233010634
-1.0
0.932120643605474
1.0
-1.0
-1.0
0.2755817865080975
-1.0
-1.0
-1.0
0.25309599359402246
0.1953195723375249
0.114883325926251
0.06393121721618834
-1.0
-1.0
0.4094820554553933
0.2591861138700987
0.9431733248541723
0.055779552558968735
0.09012020381799624
-1.0
0.040901528688250664
-1.0
0.022848221329261377
0.07619970059775984
0.04224079370899441
-1.0
-1.0
0.8906648125415965
-1.0
0.7851195140549212
0.6919531069719909
-1.0
-1.0
-1.0
-1.0
-1.0
0.5379562351290801
0.34277882113411917
-1.0
-1.0
0.20599848115962235
0.18564873188366185
0.20987671561553706
-1.0
-1.0
-1.0
-1.0
0.16170482385369722
-1.0
-1.0
-1.0
-1.0
0.16168257698581837
0.9398460424673005
-1.0
0.09235668303861044
-1.0
-1.0
0.05437029732307888
-1.0
-1.0
0.11207064335742245
-1.0
0.9826450989769994
0.5254988752508644
-1.0
-1.0
0.22538996975068618
-1.0
0.2097464322894962
-1.0
-1.0
0.8787955506244147
0.5827013662146171
-1.0
-1.0
0.2647694259002353
-1.0
-1.0
1.0
0.20453959917201325
-1.0
0.024550020478328872
0.09468589402818893
-1.0
-1.0
0.06949557376793565
0.10329836496739074
0.2198369970884528
0.40493377826222876
0.8533947732927384
-1.0
-1.0
-1.0
-1.0
-1.0
0.016181532218081964
-1.0
-1.0
-1.0
0.08198813658280901
-1.0
0.44930693326997345
0.8868201055346404
1.0
1.0
-1.0
0.038395122655288265
0.25665384119697093
0.8947544623532132
-1.0
1.0
0.10907797988332624
0.10130328306962985
-1.0
-1.0
0.033729658752686395
-1.0
-1.0
-1.0
-1.0
0.013548295838406891
0.09968779057522675
-1.0
-1.0
-1.0
-1.0
0.040178613527083455
-1.0
-1.0
0.021287301633939403
0.0497674415226612
0.019019814250030253
-1.0
-1.0
0.6747350047703897
0.7577177865423581
0.16722294268196009
0.371657844567964
0.382333843734277
-1.0
0.5642153212274807
-1.0
-1.0
-1.0
-1.0
-1.0
-1.0
0.1529089391363927
-1.0
-1.0
-1.0
-1.0
0.3056483158848322
0.4129518710027928
0.5591483895316475
0.6299378465104495
0.5506530625754479
-1.0
-1.0
-1.0
0.24851991946652174
0.18158569066741279
0.46375534454232936
0.43079512808965803
0.16082297461767736
0.16559268960890824
-1.0
-1.0
-1.0
-1.0
0.35171924472137245
0.330336934333856
-1.0
-1.0
-1.0
-1.0
0.4340571711788017
0.5969596234633948
-1.0
0.6913098303896703
0.6611591944596995
0.544897722833899
-1.0
0.17695926199449225
0.10936605167618108
-1.0
-1.0
-1.0
-1.0
0.13584612564636658
-1.0
-1.0
0.33400945683656375
0.09788679660996435
-1.0
-1.0
-1.0
-1.0
0.7151171887137198
-1.0
-1.0
-1.0
-1.0
-1.0
0.06365815803477302
-1.0
0.1770159392731275
0.28703447652251146
0.3659016606319786
-1.0
-1.0
-1.0
-1.0
-1.0
0.49302545859339025
-1.0
-1.0
0.24110300286646982
0.29663802314950816
0.26846240556095324
-1.0
-1.0
0.2570053614580286
0.3269858348313147
-1.0
-1.0
0.2635540456107197
0.2991796808538815
-1.0
-1.0
-1.0
0.5428287519553079
-1.0
-1.0
-1.0
-1.0
-1.0
0.7862068964456761
0.9649377785497496
-1.0
-1.0
-1.0
0.7316541160934228
0.33536655128858167
0.20070879085895021
0.2404798990605486
0.6632894868139537
0.19370519062731806
-1.0
-1.0
0.11692934441054902
-1.0
-1.0
0.12346973632130033
-1.0
-1.0
-1.0
-1.0
1.0
0.46174335760283663
0.5493055811778261
0.39307757985837455
-1.0
-1.0
0.45266427157358136
-1.0
-1.0
-1.0
0.8933894963645457
0.5004680229959132
0.6535092439693748
-1.0
-1.0
0.16568316742625241
0.18119082881917906
-1.0
0.35794274455008707
-1.0
0.5400334268386193
-1.0
-1.0
0.509959098080762
-1.0
-1.0
-1.0
0.17502324135282338
-1.0
-1.0
0.1357967483950302
-1.0
-1.0
0.20312555045235586
-1.0
-1.0
0.25511463936476236
0.5295355424139975
-1.0
0.6411514553550605
-1.0
1.0
-1.0
-1.0
-1.0
0.13662005057891113
-1.0
0.17517959360536864
0.16813620566201198
-1.0
0.19563443849454273
-1.0
-1.0
0.34334563945322305
0.16729691500516844
-1.0
0.4748378187394364
0.6346361647565278
0.5450609249814948
0.5955886124039245
-1.0
-1.0
-1.0
-1.0
-1.0
-1.0
0.3389919583085827
0.09552280718723043
0.20629293145772493
-1.0
0.20267434567995662
0.4505345217993094
-1.0
1.0
0.28075345545410535
0.31539553466174625
0.2840251086429002
0.4192978774004979
-1.0
-1.0
0.15195764391910555
-1.0
-1.0
-1.0
-1.0
-1.0
-1.0
-1.0
-1.0
-1.0
-1.0
-1.0
-1.0
0.5856717607735135
-1.0
-1.0
-1.0
-1.0
-1.0
-1.0
0.15121884692305443
-1.0
0.32742472931716066
0.46394517022510734
0.4060428550096815
0.6507905236890902
0.5321329045732109
-1.0
0.5578793482798354
0.7698725371556637
-1.0
-1.0
-1.0
-1.0
0.156790251324936
-1.0
-1.0
-1.0
-1.0
-1.0
0.1005037293538771
0.10949417984111956
-1.0
0.05471576787510352
-1.0
-1.0
-1.0
0.08366463855318604
-1.0
-1.0
-1.0
-1.0
-1.0
0.03231966740751925
0.5108860745623498
-1.0
0.5546179097590079
0.8662713160390447
0.5643480443524896
-1.0
-1.0
0.04647121047580076
-1.0
0.13808750564522776
0.10826156866573412
0.05875218576010329
0.08891017991611559
0.6010511106384379
1.0
-1.0
-1.0
0.016344483573370636
0.06990524033599242
-1.0
-1.0
-1.0
-1.0
-1.0
0.08359237927216592
0.11218123111942573
0.07959761407601888
0.10460481215203168
0.08475698888106001
-1.0
-1.0
-1.0
-1.0
-1.0
0.34058113100960236
-1.0
0.3022453834208576
0.6518411727068156
0.6631329694807973
-1.0
0.6710888509903966
0.8366711521808623
-1.0
0.48946139506524267
-1.0
-1.0
-1.0
0.4077518884414367
-1.0
-1.0
0.1287096806546693
0.030807017448424293
0.06994679122270586
0.044260637752046916
-1.0
-1.0
-1.0
0.6494823179935383
0.9267859230053922
-1.0
0.2517352939738503
0.4686716298240657
0.4158451444644304
-1.0
-1.0
-1.0
-1.0
-1.0
0.0
