-1.0
0.0
-1.0
0.49481301514358256
0.7069278923802885
-1.0
-1.0
-1.0
-1.0
-1.0
0.7331186989888555
-1.0
-1.0
-1.0
-1.0
0.6045359890136903
0.7086752245259297
-1.0
-1.0
-1.0
-1.0
0.12620360062594452
0.24388420619131793
0.2954590989319701
-1.0
0.2437482100232881
-1.0
-1.0
-1.0
-1.0
0.055259185467914106
0.023883731589475238
0.029935918388109682
-1.0
-1.0
1.0
-1.0
-1.0
-1.0
-1.0
-1.0
0.6115884128153825
-1.0
0.5925955244325115
0.9997206127887307
-1.0
1.0
0.0882302148061823
0.0816284396560067
0.0848928662486812
-1.0
0.08440323569688847
0.08070062918479204
-1.0
0.6551845011930665
0.8716677858451004
-1.0
1.0
0.6538647094465095
-1.0
-1.0
0.09828653206548704
-1.0
0.4971493116880267
-1.0
-1.0
-1.0
0.20279258011109272
-1.0
-1.0
-1.0
-1.0
-1.0
-1.0
-1.0
-1.0
0.048681561368199094
-1.0
-1.0
0.0167255918361318
-1.0
-1.0
-1.0
-1.0
-1.0
-1.0
-1.0
-1.0
-1.0
0.6814854630995186
-1.0
0.9453927356435051
-1.0
-1.0
-1.0
0.020508971899852773
0.07769901206662459
-1.0
0.2702553630722479
-1.0
0.055401301562690033
-1.0
0.03323392382661069
0.10151457547389678
-1.0
-1.0
-1.0
-1.0
-1.0
0.06845250333442594
0.04827298988156557
0.17723264307820286
0.10756211439850082
-1.0
0.012165660352155327
0.020401553904464412
-1.0
0.21967640500489102
-1.0
-1.0
0.05187452209101637
-1.0
-1.0
-1.0
1.0
-1.0
-1.0
-1.0
0.22682431409549358
-1.0
-1.0
0.03708700597401917
-1.0
-1.0
-1.0
0.026461076674648483
0.6387322294141332
0.8419671602135859
-1.0
-1.0
-1.0
0.7049606874400292
1.0
0.8029414210385585
-1.0
-1.0
0.09279888239128192
0.07628700256949769
-1.0
0.5985081953145862
-1.0
0.7642749007577807
-1.0
-1.0
-1.0
0.048170636176870285
0.06344895574024342
0.36362944629005567
0.9256499087691379
0.6494024673182018
-1.0
0.26245584246011494
0.16141478482811608
0.12459334084040313
1.0
-1.0
-1.0
1.0
-1.0
-1.0
-1.0
0.27722940547396635
0.3997160048206804
-1.0
-1.0
-1.0
-1.0
-1.0
0.10273915718753857
0.033123321094664
0.05894581268865892
1.0
-1.0
0.744099803955383
-1.0
0.9437896152113547
0.19679046894319988
-1.0
-1.0
-1.0
-1.0
-1.0
-1.0
-1.0
-1.0
0.14871571724133037
-1.0
-1.0
-1.0
0.48497804611242307
0.4404439905316153
0.5998302691784771
0.613839168808492
-1.0
0.5457193198196463
0.5824986779723302
0.9831478073411211
-1.0
-1.0
-1.0
-1.0
-1.0
0.5603706240403755
0.48064039575766637
0.40451509123105717
0.3597786340239503
-1.0
-1.0
-1.0
-1.0
-1.0
-1.0
0.18763872901615186
0.39703650630552195
-1.0
-1.0
-1.0
-1.0
-1.0
-1.0
-1.0
-1.0
-1.0
-1.0
0.3695109087664267
0.18711665519533005
-1.0
0.19290863519882678
0.22798307578877228
-1.0
-1.0
-1.0
0.06490677670078566
-1.0
-1.0
-1.0
-1.0
0.05241208597156984
-1.0
-1.0
-1.0
-1.0
-1.0
-1.0
-1.0
0.2291219411262717
-1.0
0.13822050431105784
0.1292033106344554
0.06804993754699716
-1.0
-1.0
0.06724371100931043
0.3078007070249303
-1.0
-1.0
-1.0
0.061331476504091036
-1.0
0.12385221843044442
0.031538245610365466
0.07994580908274451
0.08789649254088125
-1.0
0.08605050239983002
-1.0
-1.0
-1.0
-1.0
-1.0
0.3001042018472215
-1.0
0.5207381446539858
0.6494155132583862
-1.0
-1.0
0.1951374834101326
-1.0
-1.0
0.3429563242001692
-1.0
-1.0
-1.0
0.4249481365151651
0.5968279715914528
0.6318096115255634
0.7034127652372746
-1.0
0.7683252670326438
-1.0
0.8660767344283784
1.0
1.0
-1.0
-1.0
-1.0
-1.0
0.02953481806962921
-1.0
0.01602353066790945
-1.0
0.05751472362400461
-1.0
-1.0
-1.0
0.8714059097659274
1.0
-1.0
0.1634039052749414
-1.0
0.12263576954914594
-1.0
1.0
0.017742869688691768
-1.0
0.06341019148459288
-1.0
0.11942918101909018
-1.0
0.029028921363514343
0.014073107993217404
0.015602679181495487
-1.0
-1.0
-1.0
0.5933106668213833
0.6706788163524472
-1.0
-1.0
-1.0
-1.0
0.5224869662543389
0.17137054951878514
-1.0
-1.0
0.3340015117648714
0.2031640357689382
0.224225390790726
0.4050116053691137
-1.0
-1.0
0.4890816429768682
-1.0
0.34743328515515204
0.5608319267348405
-1.0
-1.0
-1.0
-1.0
-1.0
-1.0
0.814811623660675
1.0
-1.0
0.4504320877516442
-1.0
0.24672144813931757
0.2492801388706056
-1.0
-1.0
-1.0
-1.0
0.9006224405595312
-1.0
0.8237269928091806
-1.0
-1.0
-1.0
0.09873464354395949
0.0615117797582008
0.17938399403755367
0.13443664320178292
-1.0
0.09280503572505215
0.1530186716936755
0.20809126097166072
-1.0
0.29897710860450466
0.24219787389320288
-1.0
-1.0
-1.0
-1.0
0.47665261329427766
0.3676238486181598
0.48604709692658665
-1.0
0.32214502683796764
0.7554036552233688
-1.0
1.0
-1.0
-1.0
0.08370889404882356
0.2161912954783871
0.2204216293620425
-1.0
-1.0
-1.0
-1.0
-1.0
-1.0
-1.0
0.14399136449323757
0.23085138455062407
-1.0
-1.0
-1.0
-1.0
0.2134692301314719
0.4253067301416058
-1.0
-1.0
-1.0
-1.0
-1.0
-1.0
-1.0
0.3501082274631592
-1.0
0.2540301720808306
-1.0
-1.0
-1.0
-1.0
-1.0
-1.0
-1.0
-1.0
-1.0
0.11120254967286301
-1.0
-1.0
-1.0
0.28096125459178917
0.2294174078259941
0.9043619766760854
0.950620130303615
-1.0
0.2318675229319951
0.8682352702102284
-1.0
-1.0
0.8339634293641678
-1.0
-1.0
0.07089908350272209
-1.0
-1.0
-1.0
0.01711894898174193
-1.0
-1.0
-1.0
0.03226012353476647
-1.0
-1.0
-1.0
-1.0
0.06544951809731044
0.0832257725031062
0.3440000927894108
0.9332774707475907
0.7783811170115875
-1.0
0.5284265857126415
-1.0
-1.0
0.8212609867670031
0.809086295593024
0.9812653812353854
-1.0
0.1278564934511035
0.1505294141015197
-1.0
0.18564887529667787
-1.0
-1.0
-1.0
-1.0
-1.0
0.14924981052166994
-1.0
-1.0
-1.0
0.22008933790216248
0.22993859994626653
0.5073023435406103
0.7287922679002313
0.5198569968489775
-1.0
0.17376976197456204
-1.0
0.11096711789613362
1.0
-1.0
-1.0
0.029433859004078505
0.029633838736271418
0.3405789088428645
-1.0
1.0
-1.0
0.8494882377682559
-1.0
-1.0
0.18084411334352302
0.08642902488369514
0.12815812061609314
-1.0
-1.0
0.054014804993436694
-1.0
-1.0
0.1055298113582915
0.8624458214556459
0.7808361125808004
-1.0
0.8986219582712475
-1.0
0.7629887959081345
-1.0
-1.0
-1.0
-1.0
0.1477302598367151
-1.0
0.3844936046418367
-1.0
-1.0
-1.0
0.687968676119578
-1.0
0.4882635983457958
-1.0
0.7516147353082157
-1.0
-1.0
0.2576868645782194
0.24117409958582628
-1.0
-1.0
0.24152110747689481
0.07663752157297758
-1.0
-1.0
0.053937970277941054
-1.0
-1.0
0.09432670762426626
0.09540255285399173
-1.0
-1.0
-1.0
-1.0
-1.0
0.20010672071083974
0.24294717879813613
0.36592520048007604
-1.0
0.23776187488357386
-1.0
-1.0
-1.0
-1.0
0.06428480841703837
-1.0
-1.0
-1.0
1.0
-1.0
0.44761546600681
-1.0
0.4425572824216539
-1.0
0.5498320228739034
-1.0
-1.0
-1.0
-1.0
0.3130950067098408
0.3735196009759913
-1.0
0.40093758417361897
-1.0
-1.0
-1.0
-1.0
0.7978202035908943
0.7631800624049351
-1.0
0.2619830699560878
0.27786100516549916
0.42433920079320614
0.7997921626601512
-1.0
0.23543863379926736
-1.0
-1.0
-1.0
0.18958690285598287
0.22066454615411674
0.17283220935849314
-1.0
0.5715543366136483
1.0
-1.0
-1.0
0.17367269355854653
0.18529179528516257
0.26638671936315
0.1680601011440079
-1.0
0.6613434256826148
-1.0
-1.0
0.7148291143981866
-1.0
-1.0
-1.0
0.4890683052569157
-1.0
0.05547209802966442
-1.0
0.0486907792519424
-1.0
-1.0
-1.0
0.20491722423870232
0.24460897701803988
-1.0
-1.0
0.2751852633344324
-1.0
0.11404983593041432
-1.0
-1.0
0.03980675527627077
-1.0
-1.0
0.36898504963863415
0.45773106975837635
-1.0
-1.0
-1.0
0.4477238668155962
-1.0
0.7966435609038929
-1.0
-1.0
0.6775046163844467
0.8715433287994024
0.9182993464646377
0.9348965456143085
-1.0
0.3297471802245599
0.2081176421092279
-1.0
-1.0
-1.0
0.056592670338527364
-1.0
0.16175823255089936
-1.0
-1.0
-1.0
-1.0
0.08757501402190607
-1.0
-1.0
0.2533070042210529
0.6738347387482437
0.7132606938475679
-1.0
0.6229648282483171
-1.0
0.3858647315773229
-1.0
0.05669276899182976
0.02401663505776335
-1.0
-1.0
0.04242333047893505
-1.0
-1.0
0.017097003889119392
-1.0
0.23318870159589522
0.12067047262736061
0.0950022953518896
-1.0
-1.0
-1.0
-1.0
-1.0
0.45564059968804616
-1.0
-1.0
-1.0
-1.0
-1.0
0.08892395332890039
-1.0
-1.0
1.0
-1.0
1.0
-1.0
-1.0
-1.0
0.054222703728722864
-1.0
-1.0
-1.0
0.6979174360386159
-1.0
0.1573332987563213
-1.0
0.0773661692001609
0.10797066259852095
0.09258901916221743
0.6792140965793205
0.1860459773347819
0.09382929028557516
-1.0
0.0405150859245777
0.14942083898449837
-1.0
-1.0
-1.0
-1.0
0.9475148264583875
-1.0
-1.0
0.7582690170492344
-1.0
0.03402624277990694
0.022060763962626816
0.06899165131769264
-1.0
-1.0
-1.0
-1.0
0.15060020117016773
-1.0
0.17256917159035398
0.1596836989902748
-1.0
-1.0
0.11326858197477814
-1.0
-1.0
0.25983753004782767
-1.0
0.9191211877627605
-1.0
1.0
0.4482374433423594
0.3446911953298486
-1.0
0.7243999277027116
-1.0
0.32115156021260216
-1.0
-1.0
-1.0
-1.0
0.16414357608464447
-1.0
-1.0
0.9265218010652495
-1.0
0.7236243176197191
0.30664309883797713
-1.0
-1.0
-1.0
0.2768364404842156
-1.0
-1.0
-1.0
-1.0
0.17957098291320858
0.164852853749921
-1.0
-1.0
-1.0
0.16083194574098542
-1.0
-1.0
-1.0
0.03765601134287107
-1.0
0.14588903435082298
0.26117486901141
-1.0
-1.0
0.035261192795660395
0.07402363412142171
0.12180979962277656
-1.0
-1.0
0.03906641593251271
-1.0
-1.0
0.21330441223922075
0.7892664157043157
0.7564393254463057
-1.0
-1.0
-1.0
-1.0
-1.0
0.09290670737973772
-1.0
0.06083325743882117
-1.0
0.20697330585949245
-1.0
-1.0
-1.0
-1.0
-1.0
-1.0
0.9202987013896441
0.06014725418655463
-1.0
0.02079256476971059
-1.0
0.06432520673497241
-1.0
-1.0
0.2991643431848856
0.20497171365162756
-1.0
-1.0
-1.0
-1.0
-1.0
-1.0
-1.0
-1.0
-1.0
0.11010331501177711
0.08836060812437685
-1.0
-1.0
-1.0
-1.0
0.17352062716880207
-1.0
-1.0
0.1868657014014211
-1.0
-1.0
0.8710201798133939
0.21502139175196477
-1.0
-1.0
0.08838251630587352
0.07121838127172041
-1.0
-1.0
-1.0
-1.0
-1.0
0.4644945498151631
0.4334818569170216
0.7342757983746895
0.2799940457824134
0.13916250064955313
0.055626423749147925
0.18223498518014347
0.38809445283717653
-1.0
0.15104894527796348
-1.0
0.08450766174171422
-1.0
-1.0
0.5129407879828312
0.6162096800591094
-1.0
-1.0
-1.0
-1.0
0.8193513912619085
0.7711045394580838
0.7593124186018845
-1.0
-1.0
0.48954391579971507
-1.0
0.6206331278081244
-1.0
-1.0
0.19957578675348694
-1.0
-1.0
-1.0
-1.0
-1.0
-1.0
-1.0
-1.0
0.2216815371251571
-1.0
-1.0
-1.0
-1.0
-1.0
-1.0
0.045372604234945456
1.0
0.20958189860576287
-1.0
0.24902695876853403
-1.0
-1.0
0.4571225576381321
-1.0
-1.0
0.2841653302897564
0.15473875461847117
-1.0
-1.0
-1.0
-1.0
-1.0
-1.0
-1.0
-1.0
-1.0
-1.0
-1.0
-1.0
-1.0
0.2180609656660933
0.1724092844842288
0.40555223767511583
-1.0
-1.0
-1.0
-1.0
-1.0
0.26492143991577244
0.37665246320655515
0.3551796028407291
-1.0
-1.0
0.2101202044141631
0.22407532767504712
-1.0
0.2880787351315142
-1.0
-1.0
0.32731352088035226
0.8845509803369883
-1.0
0.748627056608597
-1.0
-1.0
0.15483176419658815
-1.0
0.2601573802573915
-1.0
-1.0
0.2587519498121437
-1.0
-1.0
0.5183893589827733
0.4014672477763696
-1.0
-1.0
0.11656432011559628
-1.0
0.642815386910789
-1.0
-1.0
-1.0
-1.0
-1.0
0.67364113295962
-1.0
-1.0
-1.0
0.8308665969041767
-1.0
0.18918866045260802
0.23390771250463938
-1.0
-1.0
-1.0
-1.0
-1.0
-1.0
-1.0
-1.0
0.16738299237501356
-1.0
0.3957897476869266
-1.0
-1.0
-1.0
0.23994730101439088
-1.0
-1.0
-1.0
0.06529573726990623
-1.0
-1.0
-1.0
0.08166370136993731
-1.0
0.03606469725748837
0.13383453439121032
0.14424702099734066
0.28375836525522274
0.1950587311887685
-1.0
-1.0
-1.0
0.7922676557099203
-1.0
1.0
-1.0
0.14147346591909468
-1.0
-1.0
-1.0
-1.0
-1.0
-1.0
-1.0
0.1166586172822731
-1.0
-1.0
0.46199986011324756
-1.0
-1.0
-1.0
0.0582315400513095
0.19301248291960318
0.2113020985966637
-1.0
0.28215207623900973
1.0
0.895906033350951
-1.0
-1.0
-1.0
-1.0
0.8530257988010563
-1.0
1.0
-1.0
0.0680040386896355
-1.0
-1.0
-1.0
-1.0
0.11417024819503672
0.16239510070878654
-1.0
0.9134516270503407
-1.0
-1.0
0.796657565229561
1.0
-1.0
-1.0
-1.0
1.0
0.11668745591892314
0.10900971733554461
-1.0
0.13347611984643254
0.11134529045986069
0.08553329682816158
0.6673447803955748
0.07238668316100912
0.10047704202667208
0.12975242884860344
-1.0
-1.0
-1.0
-1.0
1.0
1.0
0.16636016244413654
0.04939392390379366
-1.0
-1.0
-1.0
-1.0
-1.0
-1.0
0.09022098466337694
-1.0
0.07782436941627856
0.10868870300806849
-1.0
-1.0
0.06237578158124537
0.03850582440739361
-1.0
-1.0
-1.0
0.35492916315928724
0.7198671357883905
0.7305006080055855
-1.0
0.9541492043789901
-1.0
-1.0
-1.0
-1.0
-1.0
-1.0
-1.0
0.3081532387188854
0.29171746839093393
0.41405254488320903
-1.0
0.47301634365777734
-1.0
-1.0
0.26254229372064486
-1.0
0.3248506207435926
0.49334854866137484
0.14952458319044504
0.07613782072585767
0.12209737314360641
0.2419534839152651
-1.0
0.8479800904058468
-1.0
-1.0
-1.0
-1.0
-1.0
0.2548256893336827
0.23622758793579632
-1.0
0.3277333461797168
0.3695592490812535
-1.0
-1.0
-1.0
-1.0
0.34477421838996236
-1.0
-1.0
0.5187727734373028
-1.0
-1.0
0.36636617973348057
-1.0
0.37630726961335054
-1.0
-1.0
-1.0
-1.0
-1.0
0.4294688374035951
-1.0
-1.0
-1.0
-1.0
0.19344141068946874
0.20975639831699333
0.6824470421977084
-1.0
-1.0
-1.0
-1.0
-1.0
0.29615163576604314
-1.0
0.3836669331672358
0.4547258649710504
-1.0
-1.0
-1.0
-1.0
0.2378179579164996
0.2755067507912341
0.25393282198148526
0.2769519553593835
0.283002232962046
-1.0
0.42647171134274353
-1.0
-1.0
-1.0
-1.0
-1.0
-1.0
0.40187639116400115
0.15061965483441866
0.2469041640076174
0.6317391255316223
0.3969265975541999
0.2723577078580551
0.4349063008503806
0.5984372369107751
0.6027188561016594
-1.0
-1.0
0.16320848828384218
0.17506691022293475
0.14639972798993575
0.34458829255114787
0.2528256109186974
0.4413565453781423
0.8280131757647706
0.7864085046932642
-1.0
-1.0
0.711051789134997
-1.0
-1.0
-1.0
-1.0
-1.0
-1.0
-1.0
0.9653918009259875
0.6453378602454455
0.6578416022124044
-1.0
-1.0
-1.0
-1.0
-1.0
-1.0
0.3721624029444586
-1.0
0.2816774184131591
0.3915722654892037
0.7058417911194929
0.6515797220506088
-1.0
-1.0
-1.0
-1.0
-1.0
-1.0
0.19345675029690823
-1.0
-1.0
-1.0
0.728183885747153
0.32205404099505724
-1.0
-1.0
-1.0
-1.0
-1.0
-1.0
0.03615292590113643
0.04810641732586731
-1.0
-1.0
-1.0
-1.0
-1.0
-1.0
-1.0
0.17382194310666746
0.10298410433439709
-1.0
0.27050345914535445
1.0
-1.0
-1.0
0.07533465026590054
-1.0
-1.0
-1.0
-1.0
-1.0
0.22948726273282494
-1.0
1.0
0.9512496550645495
-1.0
-1.0
-1.0
-1.0
0.14649893914625356
0.2638938913656754
0.28107833331418636
0.08727797398448535
0.10939014518972735
-1.0
0.05351721128400621
-1.0
-1.0
-1.0
-1.0
-1.0
0.5432817136759915
-1.0
-1.0
-1.0
-1.0
0.5120486651346288
-1.0
-1.0
-1.0
0.12703457943515473
0.11599317432141316
0.0965841500940747
0.6568570890413967
0.8404077477616391
-1.0
-1.0
0.47527530704148624
0.18367059119552762
0.44726471758036784
-1.0
-1.0
0.38144474969387065
0.1645400039122736
-1.0
0.14482961978704034
0.04211531576647461
0.110496044310148
0.079384819499086
0.8983582949148701
-1.0
-1.0
0.1228583157007189
-1.0
0.3256869209987207
0.3305661590276424
-1.0
0.6314817658763291
0.5815279830290152
-1.0
-1.0
-1.0
0.39533088924390025
0.5637153806226363
-1.0
0.24794982429795204
0.3498850967332813
-1.0
-1.0
0.5329827870222037
0.6202682521640349
-1.0
-1.0
0.4027756784398657
-1.0
-1.0
-1.0
0.4464719062342318
-1.0
-1.0
-1.0
0.5918247575665904
-1.0
-1.0
-1.0
-1.0
-1.0
-1.0
-1.0
-1.0
-1.0
0.32264901144102764
0.5481627616987796
-1.0
0.8679440709914313
-1.0
0.4571183139460177
0.1744618101231151
-1.0
-1.0
0.27520675317414545
-1.0
0.2168666694506329
-1.0
-1.0
0.34149655958423336
-1.0
-1.0
-1.0
-1.0
-1.0
-1.0
0.11696146705751545
-1.0
-1.0
0.4875432018805738
0.4607679780984433
-1.0
0.1955605027251424
0.3535098769078685
0.3130134778133597
0.1636532647879589
0.30886327208256903
-1.0
0.7823687228547725
-1.0
-1.0
-1.0
-1.0
-1.0
-1.0
-1.0
-1.0
0.1775065814427245
0.056090959190092306
0.0612867804261467
0.17256457715270962
-1.0
0.3880856258748375
-1.0
-1.0
0.2715144197670084
0.29510477420367065
-1.0
-1.0
-1.0
0.41257870082185466
-1.0
-1.0
0.483065488656291
-1.0
-1.0
-1.0
-1.0
0.45943424106138
-1.0
-1.0
-1.0
0.3957524359643962
-1.0
0.18405882259220815
-1.0
-1.0
0.5430568571422063
-1.0
-1.0
-1.0
0.5996708820344366
-1.0
-1.0
-1.0
0.823402736787927
0.19092423050107038
-1.0
-1.0
-1.0
-1.0
-1.0
-1.0
-1.0
0.4355509929059678
0.7095075655010278
0.5539348468991975
0.2719441166503282
0.2866506674042942
-1.0
0.292325442854117
0.6662773874334252
0.5448496906478281
0.443762363517632
0.5946289604782032
0.44849089716406515
0.8608360804926743
-1.0
-1.0
0.3270125199357851
0.32438072219284453
-1.0
0.09086956116152461
0.13339050373052513
1.0
-1.0
-1.0
0.26751348018353777
0.07726097594147505
0.10170615947588091
0.11442308536967818
-1.0
-1.0
-1.0
0.5004233292035878
0.4299810241223706
-1.0
0.21786809565206136
0.27631645461970106
0.27214514016674207
-1.0
0.6674814481016452
0.49672988071701885
-1.0
-1.0
-1.0
-1.0
0.4705784551910659
-1.0
-1.0
1.0
0.1541997331214355
-1.0
-1.0
-1.0
-1.0
-1.0
0.3781061462727153
1.0
-1.0
-1.0
-1.0
0.7220935718108097
-1.0
0.18362690614804977
0.4069075096502559
0.2974743448802019
-1.0
-1.0
0.1231623416761368
-1.0
-1.0
0.8045642022342723
-1.0
-1.0
-1.0
-1.0
0.5817939937574373
-1.0
-1.0
0.3824311799681788
-1.0
-1.0
-1.0
-1.0
-1.0
0.22973006827053147
0.3979143684176003
-1.0
0.477367684481469
0.3344912452712398
0.4635064166098652
-1.0
-1.0
0.34995894970000935
0.5595955260064166
0.5142020818795349
0.5859669360602
-1.0
-1.0
0.47922804178654105
0.6008559874485441
0.46567745457597826
0.4984300367744286
0.44549013764250894
0.4418695695407867
-1.0
-1.0
0.3320176737976224
-1.0
-1.0
0.2890490425360469
-1.0
-1.0
-1.0
-1.0
0.6145293501285318
0.42293010740458337
0.4912103879361427
-1.0
-1.0
-1.0
-1.0
-1.0
-1.0
-1.0
-1.0
-1.0
0.18546643355065334
-1.0
-1.0
0.20056906414343412
0.12201729094365281
-1.0
0.09010533531828581
-1.0
0.6994830729899778
-1.0
-1.0
0.9455392193878556
-1.0
0.19583686005395998
-1.0
0.6006793753597135
0.20437977210823288
-1.0
-1.0
-1.0
-1.0
0.1030257114484289
0.059985363974592996
-1.0
-1.0
-1.0
-1.0
0.05511109960067103
-1.0
0.04301237661820724
-1.0
-1.0
-1.0
0.28896813403803934
-1.0
0.1554949507359336
0.11711397575920729
0.10314236255676434
0.09690179464042709
-1.0
1.0
1.0
1.0
-1.0
1.0
0.07642762608596464
-1.0
-1.0
-1.0
-1.0
-1.0
-1.0
0.7122782869592996
-1.0
0.08659676233686121
-1.0
0.039999906136870024
-1.0
-1.0
-1.0
-1.0
-1.0
0.022776646470326595
0.1654342183596394
-1.0
-1.0
0.03178964492227241
-1.0
0.02055738990659335
-1.0
0.1919398335093728
-1.0
-1.0
-1.0
-1.0
0.040654430259454886
-1.0
-1.0
0.15124824142712262
-1.0
0.11231405375994798
0.3889914554274946
-1.0
-1.0
-1.0
-1.0
-1.0
-1.0
-1.0
-1.0
-1.0
-1.0
-1.0
-1.0
-1.0
-1.0
0.4019702676219036
-1.0
-1.0
-1.0
-1.0
-1.0
0.3607965710421344
0.5676386631485584
0.5252551057357205
-1.0
0.526883390815458
-1.0
0.6391739902574509
-1.0
-1.0
0.6639370355263062
0.5090407596529495
-1.0
-1.0
-1.0
-1.0
-1.0
-1.0
-1.0
-1.0
-1.0
0.3074196504642484
-1.0
-1.0
-1.0
0.22098726978712963
-1.0
-1.0
0.09836547554756761
0.2056721294521799
0.49672767686624597
-1.0
0.7826616645797102
-1.0
0.9822896480851842
-1.0
-1.0
-1.0
0.20672966079989114
-1.0
-1.0
-1.0
-1.0
-1.0
-1.0
0.13022212319637064
0.13762067027716107
0.16612289182371806
0.497576566631191
0.2754526849662446
0.05792420898496306
0.0554490758766931
-1.0
-1.0
0.4243771645237529
0.37118746634483735
-1.0
0.37365616439454447
0.6003326061102111
-1.0
0.38964834347522953
-1.0
-1.0
-1.0
0.27429281557742835
-1.0
-1.0
-1.0
-1.0
-1.0
0.3387114062983885
0.38973094516213685
0.2811066965659
0.3275938534893009
-1.0
0.2775482100081078
-1.0
-1.0
0.5140398178448772
0.5771845377473943
0.5066625828298796
0.160852979362983
0.5654691827074074
0.883335533258189
-1.0
-1.0
-1.0
-1.0
-1.0
0.23929230626498668
0.32664344570713333
0.4386156000283618
0.4460254363245444
-1.0
0.45237120019168603
-1.0
-1.0
-1.0
-1.0
-1.0
-1.0
0.0
