-1.0
-1.0
-1.0
-1.0
-1.0
-1.0
0.3620929034539616
-1.0
-1.0
0.7113451736322902
1.0
-1.0
0.6292384672334965
-1.0
-1.0
0.41255932893872377
-1.0
0.20624712619018254
-1.0
0.1509470905894574
-1.0
0.4631350407531195
0.24407132404990192
-1.0
0.783326920546497
-1.0
0.3812513726791189
-1.0
-1.0
-1.0
-1.0
0.7467379434309818
-1.0
-1.0
-1.0
-1.0
-1.0
-1.0
-1.0
-1.0
0.5599855431684406
-1.0
-1.0
-1.0
-1.0
0.5532622531254866
0.7334362634349261
-1.0
0.4925426054729882
0.44002271267233745
-1.0
0.1453301950211456
0.37024924852856217
0.2632215697524415
0.19510590666775748
0.06283420827237211
0.19766274923199287
0.5292689006544997
0.19555390606292472
0.15146744516741906
0.16095064774599172
0.15101159661871918
-1.0
0.5066438709476155
0.8308625049618402
-1.0
-1.0
0.5673352725915944
0.903218951828688
0.5457220983300577
-1.0
-1.0
0.14850191088796388
0.19483774900219003
0.152568400154641
-1.0
0.13951491249574471
-1.0
-1.0
0.03157452164201574
0.058643166145596545
-1.0
0.12776919515362684
-1.0
-1.0
-1.0
0.15502522142938815
-1.0
-1.0
-1.0
-1.0
0.7032614481123097
-1.0
-1.0
0.054177040833520054
-1.0
-1.0
-1.0
0.055667857827475506
-1.0
-1.0
-1.0
-1.0
-1.0
0.0873329536584222
-1.0
0.13628977889977792
-1.0
-1.0
-1.0
-1.0
0.3980793430818239
-1.0
0.6795078419448657
-1.0
0.3102815171743958
-1.0
0.6831623718673826
0.6702796136851733
0.4342350009917962
0.3994008318221794
-1.0
-1.0
0.27304735094212484
0.9841693372306266
-1.0
0.24996423974787454
0.32490151028419384
-1.0
0.3672943181785036
0.3084239702234538
0.48754659342598766
-1.0
-1.0
-1.0
-1.0
-1.0
-1.0
-1.0
0.5535877453490679
-1.0
-1.0
-1.0
-1.0
0.4110940829017283
-1.0
-1.0
-1.0
-1.0
-1.0
-1.0
-1.0
0.4664167626342952
-1.0
0.5120753990305384
-1.0
0.28463915909745047
0.20731335037387227
-1.0
-1.0
-1.0
0.04285490014044945
0.1551176521159049
-1.0
-1.0
-1.0
-1.0
-1.0
-1.0
-1.0
-1.0
0.3836447835665493
0.7227561949950381
-1.0
1.0
-1.0
-1.0
-1.0
0.9522441491620683
-1.0
0.8370866416315195
0.804451936902894
0.805106987863832
-1.0
0.4896356882010166
-1.0
0.5586312277158602
0.612807241140985
-1.0
-1.0
0.1578491321430263
0.23871708364733701
0.16972202183402876
0.17716994393653418
-1.0
-1.0
-1.0
-1.0
-1.0
0.09106146045848705
-1.0
-1.0
-1.0
-1.0
-1.0
0.5942152233904658
-1.0
-1.0
-1.0
0.21612248839574374
0.22542055998202112
0.13182318426432102
-1.0
0.06289647150486746
0.4347177328471126
-1.0
-1.0
0.5000870904513758
0.28077922977716063
0.21011755371126564
0.4352076367338331
-1.0
-1.0
-1.0
-1.0
0.9128358459976023
0.9722293295146791
-1.0
-1.0
0.8665540878085668
-1.0
-1.0
-1.0
-1.0
0.13972181670663125
0.3323096736563012
-1.0
0.22229584510376885
-1.0
-1.0
-1.0
-1.0
-1.0
0.30885370720610617
-1.0
-1.0
0.35928179861803616
0.5082797130431148
0.492017944277361
-1.0
0.49378933869596187
-1.0
-1.0
0.4989737228536392
0.1926413225118294
-1.0
-1.0
-1.0
0.3958413455604565
0.6362687602308398
-1.0
-1.0
-1.0
-1.0
-1.0
-1.0
0.29868345933209756
-1.0
0.7378887223930343
-1.0
-1.0
-1.0
-1.0
-1.0
-1.0
-1.0
0.47297161299135687
0.3505016883419318
0.27776376156548616
0.5091182175260426
0.7184691103480433
-1.0
0.24494633587707643
0.23095634682151817
0.22250701248114219
-1.0
0.8573818316738813
-1.0
-1.0
0.2163197616276406
-1.0
-1.0
-1.0
0.3404395253157442
0.5821697187123507
0.53553423553674
0.694236089947127
-1.0
0.5816074790125719
-1.0
-1.0
0.6646052490241063
1.0
1.0
-1.0
-1.0
-1.0
-1.0
-1.0
0.03965527517299916
-1.0
0.07649715342296443
-1.0
-1.0
-1.0
0.7420320280741707
-1.0
-1.0
0.8476418447880737
0.7227267678989439
0.6780234115258961
-1.0
-1.0
0.018429568516153877
-1.0
0.07531850889546891
-1.0
0.1253724097231129
0.07271379476128392
0.040867441704673935
0.04156337502851817
0.040517659047473176
0.4304692844235755
0.48203892976619384
0.3797217600609464
0.4100148881498098
0.6200178234726451
-1.0
-1.0
0.030264779798192018
-1.0
-1.0
-1.0
0.2302692750590788
0.6686686879547751
0.6319000675088546
-1.0
0.9528525170708059
0.8938366826120008
-1.0
0.2433866923426803
0.10645535732595292
-1.0
-1.0
0.43195952579453195
-1.0
0.8187784931103242
-1.0
-1.0
-1.0
-1.0
-1.0
-1.0
-1.0
-1.0
-1.0
-1.0
-1.0
-1.0
0.144491417809785
-1.0
-1.0
-1.0
-1.0
0.9303149910079358
0.6628422874130313
-1.0
-1.0
-1.0
0.06970632996174997
0.04097609247807881
0.6293855803723064
-1.0
0.10881201757817414
0.1020190137801306
-1.0
0.1192310344891577
0.09782047096236478
-1.0
0.08604545639447574
-1.0
0.25657381677667335
0.2891921759853863
0.18848240696108753
-1.0
-1.0
1.0
-1.0
-1.0
-1.0
-1.0
0.07206106551383686
-1.0
0.030634265749766694
-1.0
-1.0
-1.0
-1.0
-1.0
0.10151149484400045
0.605809243774816
-1.0
-1.0
0.05678697433312933
0.055610098123481756
-1.0
0.5586423383431144
0.5429871798386464
0.6782910895606591
0.6620887351415089
0.6903028299942868
-1.0
0.42624061990004775
0.45912812349776
-1.0
-1.0
-1.0
-1.0
-1.0
0.12435632039162366
-1.0
0.5405196641624045
-1.0
-1.0
-1.0
-1.0
-1.0
0.7500348024357467
0.6202413335827007
0.7100884491670219
0.4070332131934256
0.12967461302362454
-1.0
0.3818877793907008
0.14964278271129364
-1.0
0.11272863718553727
-1.0
0.04230923023117678
0.1747331910489116
-1.0
-1.0
0.4798684932186998
0.6587437055168733
-1.0
-1.0
-1.0
-1.0
0.4960542799992211
0.14669113329305056
0.4605365250939429
0.4057627075333166
-1.0
0.26801582935498297
0.23394178268682927
0.16991708488878515
-1.0
0.7016344240817207
0.8663450286064517
-1.0
1.0
-1.0
-1.0
-1.0
-1.0
-1.0
-1.0
-1.0
-1.0
-1.0
-1.0
-1.0
-1.0
0.23490222893854665
-1.0
-1.0
-1.0
0.2394622981803944
-1.0
0.28051116555028194
-1.0
-1.0
-1.0
-1.0
-1.0
-1.0
-1.0
0.18491115053457957
0.12556106661709024
-1.0
0.17381222036766938
0.22515911975198646
-1.0
0.08637173465425042
0.14594481380489815
0.2128244921231346
-1.0
-1.0
-1.0
-1.0
0.5823937867961063
-1.0
0.20692960419128903
0.10562940746964875
0.33146601722012675
-1.0
0.28722681053758836
-1.0
-1.0
0.03228110650792222
-1.0
-1.0
-1.0
-1.0
-1.0
1.0
-1.0
-1.0
-1.0
0.6470247281194776
-1.0
0.26318084381033185
-1.0
-1.0
0.09679755474631797
-1.0
0.2544646042868169
0.5580514035820346
0.42519591249833194
-1.0
-1.0
-1.0
-1.0
0.19853064912235718
-1.0
0.16853491948524643
0.11159597731019698
0.04719117537096364
-1.0
-1.0
-1.0
-1.0
-1.0
-1.0
0.07433876099807324
-1.0
-1.0
-1.0
0.3153918307151651
-1.0
-1.0
0.18504770226681866
0.2042638991454517
-1.0
-1.0
-1.0
0.2641092619536573
0.34982167499368333
-1.0
-1.0
0.11378717847259572
-1.0
0.5756352258097674
0.9150307007491384
-1.0
-1.0
0.8247617490568245
-1.0
-1.0
0.900221241350147
-1.0
0.2905576617185101
0.16302475094290822
0.22828724784554408
-1.0
-1.0
-1.0
-1.0
-1.0
-1.0
-1.0
-1.0
-1.0
-1.0
-1.0
0.17509452071154447
-1.0
0.6712329762029581
-1.0
0.8473445213077022
0.5266471051843263
-1.0
0.2406634457423522
0.20361585617262418
-1.0
-1.0
0.28253540685479883
0.13617712655960032
-1.0
-1.0
-1.0
-1.0
-1.0
-1.0
0.676561053424397
0.4074372113192923
-1.0
-1.0
-1.0
-1.0
-1.0
0.5740804378054003
-1.0
0.09512004183535444
0.09459193374745752
0.13216307753981538
0.11512843796763501
-1.0
0.11174311920132837
0.06983793803834405
0.04120144187880073
-1.0
0.12945695312270886
0.10702295695101634
-1.0
-1.0
-1.0
-1.0
0.6360063439900245
0.7258032926250293
-1.0
0.5237048601624257
-1.0
0.49373136119282135
0.6244257888747923
0.716897247992925
-1.0
0.6931796554691753
0.6411844563998647
-1.0
-1.0
-1.0
-1.0
0.9297498416939232
0.7857389363282019
-1.0
0.5421518527251458
1.0
-1.0
-1.0
0.2680433594333523
-1.0
0.23809865378604175
0.22108742434067896
-1.0
0.13318335908751422
-1.0
-1.0
-1.0
-1.0
0.09727119409725596
-1.0
0.24780733975896302
-1.0
-1.0
-1.0
-1.0
-1.0
0.05582118142910818
-1.0
-1.0
0.34365580039722937
-1.0
-1.0
0.05226319475669195
0.03500323709660072
0.6159372264316146
-1.0
-1.0
0.3301586723934857
-1.0
0.18060119096209612
0.07499105164125675
1.0
-1.0
-1.0
-1.0
-1.0
-1.0
0.025708771314384333
-1.0
0.563893982416017
1.0
0.2275427589360774
-1.0
0.043453820609157305
-1.0
0.06744979871558493
0.12865260114815025
0.1365568449637977
-1.0
0.1562494536285237
-1.0
-1.0
-1.0
-1.0
0.06030760623953493
-1.0
0.08044947224164849
0.06614849186844503
0.8495163007366919
-1.0
-1.0
0.5737353561721772
-1.0
0.5746079226260169
-1.0
-1.0
-1.0
-1.0
0.46871247063309013
0.8493465856966272
-1.0
-1.0
0.3232506711421726
0.16048568647827674
0.12104859709880741
0.19865861631794768
-1.0
-1.0
-1.0
-1.0
-1.0
-1.0
-1.0
-1.0
0.6981172810111138
0.6958272709643035
0.46727936930238967
0.4440858549004324
0.30532041371812857
-1.0
0.2706882458010145
0.47516486929202884
0.7225276349763409
0.27264039651264316
0.2298938416624251
0.5404857067811131
-1.0
-1.0
-1.0
-1.0
-1.0
-1.0
-1.0
0.7369408413418979
-1.0
-1.0
0.6711218399722133
0.2684486720282955
0.10525112401382586
0.46483641850056595
0.6188367224676372
-1.0
-1.0
-1.0
-1.0
-1.0
-1.0
-1.0
0.3187935195209632
-1.0
1.0
0.1376430999012266
-1.0
0.33186112105158566
-1.0
-1.0
-1.0
0.2716253932790111
-1.0
0.44684066194197597
0.7643662155081964
-1.0
0.22072575451594717
0.44084667068924205
0.3618064725996062
0.6790548850845903
1.0
0.47897807778171586
-1.0
-1.0
-1.0
-1.0
0.5218136494399339
-1.0
0.9631655716808748
0.9214438991787676
-1.0
-1.0
0.16255019831276749
0.18675951689540876
0.15719408322830425
-1.0
0.06995737198768982
0.07924191962188247
0.1420235203155132
-1.0
0.1844170692398667
0.5475817195557369
0.20289944619674893
-1.0
-1.0
0.12149617625372418
-1.0
-1.0
-1.0
-1.0
-1.0
-1.0
0.5522568288045249
-1.0
0.1542215199905051
0.03137728712389984
-1.0
-1.0
0.05036685041052268
0.1012874923307664
-1.0
0.7934886061826801
-1.0
-1.0
-1.0
-1.0
-1.0
0.05200559460806131
-1.0
-1.0
-1.0
-1.0
0.18720182615659806
0.6919193618412525
0.4603850340610476
-1.0
-1.0
1.0
-1.0
1.0
0.24153418970349072
-1.0
0.10996652182444638
0.14519394277391798
-1.0
-1.0
-1.0
-1.0
-1.0
0.09374422193165306
0.060354001440077173
-1.0
0.2901633943226613
-1.0
0.19648405746736589
-1.0
-1.0
-1.0
-1.0
-1.0
0.06974644898988813
-1.0
-1.0
-1.0
0.13448704304791229
-1.0
-1.0
-1.0
0.20013195941561293
-1.0
-1.0
0.2990025638602784
-1.0
-1.0
0.06033822261617128
-1.0
-1.0
-1.0
-1.0
-1.0
-1.0
0.6482325627587598
-1.0
0.30448935955080636
0.03313554475701406
-1.0
0.0672953135649032
0.12126387339870068
0.9602910632080094
-1.0
0.022570165204009684
0.011282775875528884
-1.0
-1.0
0.7178326790400391
-1.0
1.0
0.2598198078246602
-1.0
0.027132402810192777
0.5083615323314753
0.5362106998342601
-1.0
0.13153824163437494
0.03827342611236688
-1.0
-1.0
-1.0
-1.0
-1.0
0.3216557758750134
-1.0
-1.0
-1.0
0.08788281196066074
0.055489665989052
0.08567875213202447
0.061613788830927115
-1.0
-1.0
-1.0
0.08143833081368859
-1.0
-1.0
0.8808099936499171
-1.0
-1.0
-1.0
-1.0
-1.0
-1.0
-1.0
-1.0
1.0
0.049919204410631864
-1.0
-1.0
-1.0
0.16456212774975176
-1.0
0.12638677537449325
-1.0
-1.0
-1.0
0.29164460459398056
0.49116507172760837
-1.0
0.14118466134626592
0.38465616917809187
0.2698275277994786
0.04596674505525608
0.053950019290233485
-1.0
-1.0
-1.0
-1.0
0.9685431324432652
0.8761195304077307
-1.0
-1.0
-1.0
-1.0
-1.0
-1.0
-1.0
-1.0
-1.0
-1.0
-1.0
0.17760521711503688
0.22346843909557104
-1.0
-1.0
-1.0
-1.0
0.38175214487438336
-1.0
-1.0
0.08517205962593703
0.26651073969743616
-1.0
0.9394732405468141
0.8074419404020524
-1.0
0.24624652094493657
-1.0
-1.0
0.07666617908434406
-1.0
-1.0
0.4214367453017556
-1.0
-1.0
-1.0
0.27838781377624533
0.41039226977390714
-1.0
-1.0
0.13432131759375252
0.1000578254069798
-1.0
-1.0
-1.0
0.1284259516787177
0.17008999906219613
-1.0
-1.0
-1.0
0.10829889876248298
-1.0
0.4816176755590378
-1.0
-1.0
0.6637095035198237
0.06491779712427385
-1.0
0.04318486745397532
0.11929259199424992
0.08463251211345191
0.17791164712375762
-1.0
-1.0
1.0
-1.0
-1.0
0.9184587150643174
1.0
-1.0
-1.0
-1.0
-1.0
-1.0
0.14211678753104065
-1.0
0.7330152166013972
-1.0
-1.0
-1.0
-1.0
-1.0
-1.0
0.12875002706362998
0.055629287253269016
0.09362163921794805
-1.0
-1.0
-1.0
0.0968588691897146
-1.0
-1.0
-1.0
-1.0
0.43503986678046397
0.26052512622601515
-1.0
-1.0
0.06976189953292669
-1.0
0.4852728815150732
0.2667992421290072
0.21239040350740174
-1.0
0.188862318466205
0.136977325972574
-1.0
0.3382940510424751
-1.0
-1.0
0.928947008694687
-1.0
-1.0
-1.0
-1.0
-1.0
0.3259668398404041
-1.0
0.05475041325341596
0.1329975302170875
-1.0
-1.0
0.09753650721785108
-1.0
-1.0
1.0
-1.0
-1.0
0.18902844882523856
-1.0
0.15990543155506715
0.06094342215539695
-1.0
-1.0
0.18335169378345778
-1.0
-1.0
0.35210546725826475
-1.0
0.8984140618222702
0.9191789245542745
-1.0
0.17080400292023573
0.200675747720236
0.14498012001634455
-1.0
0.08805306821547496
-1.0
-1.0
-1.0
0.12868528142974206
-1.0
-1.0
-1.0
-1.0
0.38332955075918235
-1.0
0.07960295551323655
0.11827742358757254
0.11771914376163777
-1.0
0.08370151571933783
-1.0
-1.0
-1.0
-1.0
0.3724055718720982
0.9696946316505753
-1.0
1.0
0.9010334108915387
-1.0
-1.0
-1.0
-1.0
0.17177726964052148
-1.0
-1.0
0.5731047209824797
-1.0
-1.0
0.0438523590240949
0.046057048230822864
0.3739947964682328
-1.0
0.42822588490205965
-1.0
0.06584273591696563
0.10450458432242371
-1.0
0.14411234308102527
1.0
-1.0
0.23559689234338338
0.13297691559943428
0.05713543233613334
0.09524529271960872
0.05740161701556015
0.2076648153554205
0.6377880862342044
-1.0
-1.0
-1.0
0.9120429762287354
-1.0
-1.0
-1.0
-1.0
-1.0
-1.0
-1.0
-1.0
0.09485811643468944
-1.0
-1.0
0.13791427464872943
-1.0
1.0
-1.0
-1.0
-1.0
-1.0
-1.0
-1.0
-1.0
0.5983406029388711
-1.0
-1.0
-1.0
0.12446115941054096
0.1790891823693317
0.16546233060694485
-1.0
-1.0
-1.0
-1.0
0.03994189327331443
0.07509953779191318
0.05966689681197402
0.1141563960545006
0.06734739878556195
-1.0
-1.0
-1.0
0.6690686094188628
0.9853775547499202
-1.0
-1.0
-1.0
-1.0
-1.0
-1.0
-1.0
-1.0
-1.0
-1.0
-1.0
0.03452336961180486
-1.0
0.45082280734059116
-1.0
-1.0
-1.0
-1.0
-1.0
0.28964373411241545
-1.0
0.6610225493579234
1.0
0.5883959890828798
-1.0
0.6887449640214778
0.7089034056909577
-1.0
0.9604633372464305
0.9994534295959702
-1.0
-1.0
0.04930395230187119
-1.0
-1.0
-1.0
-1.0
-1.0
-1.0
0.1269139689074697
0.6032722420818132
0.857771782333481
-1.0
-1.0
-1.0
0.7419827953251574
-1.0
-1.0
-1.0
-1.0
0.020107740381861697
0.08347790642179273
0.06483413334553656
0.0732205965575011
0.07855791845875638
-1.0
0.09365424668995011
0.4442727425962245
0.8079954273664386
1.0
-1.0
-1.0
-1.0
-1.0
-1.0
0.4525069090745197
-1.0
-1.0
-1.0
0.1793674516028108
0.15896359499014576
0.20822379383619133
-1.0
0.6672042899894253
0.09985762717386257
-1.0
0.1559703435658897
-1.0
0.29692719876778495
0.6382916452087792
-1.0
-1.0
1.0
0.5452290835953507
0.6318108118174087
0.8079535973603756
1.0
-1.0
-1.0
-1.0
0.08650393398692396
-1.0
-1.0
-1.0
-1.0
-1.0
-1.0
0.0805952049323677
0.16793397482528633
-1.0
-1.0
-1.0
-1.0
0.7820482547094013
0.7852997752947376
-1.0
-1.0
0.6750222818800796
0.4603407410606435
-1.0
-1.0
0.14806880503519437
-1.0
-1.0
0.1450324125473891
0.12320396931237204
-1.0
-1.0
-1.0
-1.0
-1.0
0.1679673265763644
-1.0
0.06440097859856506
0.12095386506163508
0.11313655445390021
0.05213790939218518
0.4397863072840122
0.7294874406717642
0.9294936262160193
-1.0
0.8531043986011189
-1.0
-1.0
-1.0
-1.0
-1.0
0.18160480719918376
-1.0
-1.0
0.37129578196205293
0.1278639086494997
0.08911821408311504
0.13182594640107037
-1.0
0.13268788528138503
-1.0
-1.0
-1.0
0.0692953970190402
-1.0
0.09562952765822193
0.10530022825740504
-1.0
0.5833679389479445
-1.0
0.39895343500964286
0.49221380688893845
0.4060869879785758
-1.0
0.546054993163236
-1.0
0.10834064420186916
0.1283270447907169
0.1538382602345358
0.10460714113797646
0.11927046137311936
0.10575684384879779
-1.0
-1.0
-1.0
0.14443385854121485
-1.0
-1.0
0.23815367783189637
0.891505264632443
-1.0
-1.0
-1.0
-1.0
0.49020638871314837
-1.0
-1.0
-1.0
-1.0
-1.0
-1.0
-1.0
0.5943844332877877
-1.0
0.8672668433128116
0.611836238023064
-1.0
0.703042836442095
0.5206369863832642
0.05433065695838512
0.07910170751750102
0.08779171084558988
-1.0
0.31791036268292594
0.329884962431825
-1.0
-1.0
0.5081541763785188
-1.0
-1.0
-1.0
0.7050866258981358
-1.0
-1.0
-1.0
-1.0
0.26260587025431087
0.6902017685681969
-1.0
0.3984040439145757
-1.0
0.09041919929342777
0.17238238477688916
0.19417837242842861
-1.0
-1.0
-1.0
-1.0
-1.0
-1.0
-1.0
0.1802542641986043
-1.0
-1.0
-1.0
0.5731845745318458
0.7656170376403701
-1.0
0.7561160205319858
0.5877398333410511
0.563970190655759
0.4217767878931319
0.536003653950142
0.38083049001449654
-1.0
-1.0
-1.0
-1.0
0.08999754391515148
0.4033530334898403
-1.0
0.19216534293682977
0.17074666208836994
-1.0
-1.0
-1.0
0.46205669742064626
-1.0
0.44957115564392314
0.45580255726214236
0.4625058259791772
0.6235535455616606
0.6179548060029941
0.423949003664026
-1.0
-1.0
-1.0
0.25876549189617687
-1.0
-1.0
-1.0
-1.0
-1.0
-1.0
-1.0
0.607269657065011
-1.0
0.3097593619287392
0.39203056852220475
0.4067992052327517
-1.0
0.37644033511893593
0.4749727703215525
0.42200920921961177
0.5209252469488784
0.5659623692262273
0.5991489114252301
-1.0
0.7422323046645327
-1.0
-1.0
-1.0
0.3512084764923212
0.3870081870580632
0.38017342646576735
-1.0
0.3156474010059249
0.24988239900634238
-1.0
-1.0
-1.0
0.36210171957412846
0.6334929027216452
0.4643842121398283
-1.0
-1.0
-1.0
-1.0
0.5581806918661101
0.5057742710215767
0.6360021116153833
0.34816136263439673
0.3734469096643197
0.7130845535530217
0.42637288493861103
0.586651813026413
-1.0
-1.0
-1.0
0.07959057792092794
-1.0
0.12278902779877943
-1.0
0.179132559740004
0.1794595236265563
-1.0
1.0
1.0
-1.0
0.3181203715597146
-1.0
-1.0
0.06573875951905639
-1.0
0.09589232444548447
-1.0
0.2780889075566076
-1.0
-1.0
0.918763104570512
-1.0
-1.0
0.5057177901189402
-1.0
0.725584757183031
-1.0
0.9583968983339324
-1.0
-1.0
-1.0
-1.0
0.11470280059518166
-1.0
1.0
0.6236351843888367
0.7897474489014756
-1.0
-1.0
0.33017116130558516
-1.0
0.2581112643509217
0.6098353883618893
0.6356246030676742
-1.0
0.6036668404193362
-1.0
0.5773399959983049
-1.0
0.7131169836850714
-1.0
0.8172007743725517
1.0
-1.0
0.06572343837040412
0.04807112011720064
0.16535730775836183
0.134399070270049
-1.0
-1.0
-1.0
-1.0
0.12665166611329748
0.10672909395855056
-1.0
0.2430953105667643
-1.0
0.7339921802768973
-1.0
-1.0
1.0
1.0
0.8906699066301605
-1.0
0.3782215063924332
-1.0
-1.0
-1.0
-1.0
-1.0
0.11909918195741333
0.195359195016432
-1.0
0.3683479956951263
-1.0
-1.0
0.11909491353372721
-1.0
0.45654019417939684
-1.0
-1.0
0.4319945461547286
0.7334208935215256
0.9639712388576877
-1.0
0.13923357426116445
0.09221726301527254
-1.0
0.17021004477828008
0.2242972862051807
0.11378972418943609
-1.0
-1.0
-1.0
0.2542831590407668
-1.0
-1.0
0.541720990938459
-1.0
0.12326695129146902
-1.0
-1.0
-1.0
0.3981992966198542
-1.0
0.5770531234871964
0.7340864725958905
0.059162947824658675
0.10046113780652197
0.03394362720175549
0.0268838060442241
0.021374216712943064
0.0729544485750062
0.04142291874220492
0.11131374956193986
1.0
-1.0
0.06413875253232058
-1.0
-1.0
-1.0
-1.0
-1.0
-1.0
1.0
-1.0
0.822293725002318
-1.0
-1.0
0.10336127995085989
0.10401817341652492
-1.0
0.12391879990451772
-1.0
-1.0
-1.0
-1.0
-1.0
0.05215720516919552
-1.0
0.08217962889687468
-1.0
-1.0
-1.0
-1.0
-1.0
0.025933783354926097
0.5830391219041333
-1.0
-1.0
-1.0
1.0
1.0
-1.0
-1.0
-1.0
-1.0
0.0183355635426261
0.05799207560045948
0.10790007754909473
0.08621790406146401
-1.0
0.07378298267624797
-1.0
0.15519603129529572
-1.0
0.19110231043774065
-1.0
0.015801241319635465
-1.0
-1.0
-1.0
0.3645252393432523
0.42877579074153593
0.015505399519865709
0.015099506566843663
0.04739134018050524
-1.0
0.22043547982445852
-1.0
-1.0
0.3533880183217432
-1.0
-1.0
-1.0
-1.0
-1.0
-1.0
-1.0
-1.0
-1.0
0.016088817979578233
0.006849190369035687
-1.0
0.1095292142744397
0.5887535684052568
0.3744836397624652
-1.0
-1.0
1.0
-1.0
1.0
1.0
-1.0
-1.0
0.032387331130654486
-1.0
-1.0
-1.0
0.1515173409074897
-1.0
-1.0
-1.0
-1.0
-1.0
-1.0
0.4892705671103687
0.47023488590845364
-1.0
0.6502935072318791
0.648100647300323
-1.0
-1.0
-1.0
-1.0
-1.0
0.25283378239364146
-1.0
0.10796914718913093
0.233859753298342
0.1561612365757185
-1.0
0.15241052237913139
-1.0
-1.0
1.0
-1.0
-1.0
-1.0
-1.0
-1.0
-1.0
-1.0
0.05419301472343021
0.06467025447718941
0.4069465999611945
-1.0
-1.0
-1.0
0.6605628606634251
0.6564361803346447
-1.0
