-1.0
-1.0
-1.0
0.43023084710309095
0.6841279033868428
0.4744877996484857
-1.0
-1.0
0.1479460613334182
0.23824839185103677
0.13159482800571087
-1.0
-1.0
0.30007224272328553
0.15407497925646615
0.17804338204116046
-1.0
-1.0
0.2975066456666111
0.8531759648999933
-1.0
-1.0
-1.0
0.2754697583788446
0.22741131718456342
0.2241485910244978
0.16275148508708714
0.2110000420498918
0.16846709471754678
0.42494583076465875
-1.0
0.5915645110319946
0.6447068767526276
-1.0
0.44611280529200087
-1.0
0.5979779252805547
0.5523010120054739
0.9628041256391223
0.47359134825566257
-1.0
-1.0
-1.0
0.12183287382029312
0.12325321478358618
0.27411041976738415
0.6745339716339637
0.8632936653922717
-1.0
0.7779099216663946
-1.0
-1.0
0.02499064753832307
0.02222099131062257
-1.0
-1.0
-1.0
-1.0
-1.0
-1.0
-1.0
-1.0
-1.0
-1.0
0.2894231491760809
-1.0
-1.0
0.16605301210110102
0.414771441314374
-1.0
-1.0
-1.0
-1.0
-1.0
-1.0
0.16607428503955746
-1.0
-1.0
-1.0
0.3949920398471147
-1.0
-1.0
-1.0
-1.0
0.41370045053732785
-1.0
0.36977925633645276
-1.0
-1.0
0.18090023890269288
0.22959578576897346
0.40493499567355706
0.6233307104570363
0.4714204692641753
-1.0
-1.0
-1.0
0.6215675506641544
0.6706522226810306
0.22065222899774017
0.3831664186173925
-1.0
0.1969848603988226
0.22419011283821028
0.22792148568400752
0.7610928327337452
0.1444536923479412
-1.0
0.15298147948549007
0.09612811430804383
-1.0
0.44563769872532716
0.7723735900981096
0.7945342138878813
-1.0
-1.0
0.19491134046818193
-1.0
-1.0
0.4947719159490052
-1.0
-1.0
-1.0
-1.0
0.31251829652885305
0.34222902868198274
-1.0
-1.0
-1.0
0.47336193644087576
0.7710186250615063
0.6794396425363539
-1.0
-1.0
-1.0
0.13726479334810618
0.26514149398638365
-1.0
-1.0
0.2068993646859789
0.5588879598287936
-1.0
-1.0
0.7497359471441909
0.7996980476196263
0.34951164806805474
0.5256882561651588
1.0
-1.0
0.18864378224750447
0.12943836151702373
0.16565103517920138
-1.0
0.35528513373159265
0.15974542923945412
0.09182811080625901
0.5871325292436553
0.4832576793422749
-1.0
-1.0
-1.0
-1.0
-1.0
0.552453800993975
-1.0
0.45383561487728963
0.5280870905863121
-1.0
-1.0
0.820704080805631
0.17881890310519127
0.283917442486005
0.20699956962127056
0.6620550865077391
-1.0
-1.0
-1.0
-1.0
-1.0
-1.0
-1.0
-1.0
-1.0
0.5414017803339923
0.25255650312912487
0.20871571111032036
0.2688633424178281
-1.0
-1.0
0.561752670112153
-1.0
0.8924717079121636
0.5229719370635973
0.343551144066033
0.28197479142086146
0.3203271346162129
0.2039747353373543
0.20085746890892675
-1.0
-1.0
0.15424286409877608
-1.0
-1.0
-1.0
0.29208443207727647
0.24525318044403566
0.20506776048882994
-1.0
-1.0
0.17274008922263176
-1.0
-1.0
0.13194959456990255
-1.0
-1.0
0.6806952040087413
0.594181219646374
-1.0
-1.0
-1.0
-1.0
-1.0
0.27027787723804414
0.5360204643737951
0.6959559985592766
-1.0
-1.0
-1.0
-1.0
0.4335066353327497
-1.0
-1.0
-1.0
0.05855550988735144
-1.0
-1.0
-1.0
0.6224584904247403
-1.0
-1.0
-1.0
-1.0
-1.0
-1.0
0.7238431192469135
1.0
0.8634550766682402
0.7121229533028961
1.0
0.24401401446421014
-1.0
0.08686287704059843
0.08932566294055616
-1.0
0.07504310744948448
-1.0
0.09514466435882084
0.09433905453536473
0.08094023706775835
0.045621718905996374
0.19952501017119054
-1.0
-1.0
-1.0
0.17065780242133857
-1.0
-1.0
0.03565541875117217
0.17946637343140828
-1.0
-1.0
0.10073779831021788
-1.0
-1.0
0.5861724659343108
-1.0
-1.0
0.19980738399977957
-1.0
-1.0
0.03203295155402173
0.06969963057516808
-1.0
0.03259125457400901
0.34641121422333754
0.8762556080831405
1.0
-1.0
-1.0
-1.0
-1.0
-1.0
-1.0
0.2918147305429043
0.6498319924649714
0.5607272754782587
0.8229078806851321
-1.0
-1.0
-1.0
-1.0
-1.0
-1.0
-1.0
0.023753494916790758
-1.0
-1.0
-1.0
-1.0
-1.0
0.36318564605551046
0.43115815587765083
-1.0
-1.0
-1.0
0.462504329231992
0.2791736879698866
-1.0
0.06414421264599977
0.08416435187679748
0.22148560215891916
-1.0
-1.0
0.4314438162432301
-1.0
-1.0
0.42084044757572564
0.6342575191907427
0.6428700034502177
0.729594033792738
0.646387551613818
-1.0
-1.0
-1.0
0.3315207236589735
-1.0
-1.0
0.11848420467098349
0.15266752377696055
0.14597531907393368
0.3884515600325874
-1.0
-1.0
0.20216720240224395
0.724383000926484
0.7000174066180349
-1.0
0.6531543972647834
-1.0
-1.0
0.4798173741389958
0.40540973631919286
-1.0
-1.0
0.5295506621157808
-1.0
-1.0
-1.0
0.18739683380391486
-1.0
-1.0
0.3325259280799817
-1.0
0.5059521609358159
0.6228311743514303
0.6739352707084707
-1.0
-1.0
-1.0
0.31451932917628617
-1.0
-1.0
-1.0
-1.0
-1.0
0.5183091857768659
-1.0
0.4834060579820585
-1.0
-1.0
-1.0
0.5482688497736842
0.5477570178828391
0.5224489355226729
0.5895406349956082
0.9002928355999867
-1.0
-1.0
-1.0
-1.0
-1.0
-1.0
-1.0
-1.0
-1.0
-1.0
0.28670248753228295
-1.0
-1.0
-1.0
-1.0
-1.0
-1.0
-1.0
-1.0
0.8712975296584702
0.32378251716862033
0.3571608873374025
0.2725970369382812
-1.0
-1.0
-1.0
0.25835352504555165
0.25955680975226025
-1.0
-1.0
-1.0
-1.0
-1.0
-1.0
0.31474634444012733
-1.0
0.5192675820587324
0.47709557381019896
-1.0
-1.0
-1.0
0.24936562764111153
-1.0
-1.0
-1.0
0.283830431317606
-1.0
0.15339634186118223
-1.0
-1.0
0.09032393836405582
0.102642096441207
0.5707470581353332
-1.0
-1.0
0.676758795113452
-1.0
0.878688565273206
0.7288017339540821
-1.0
-1.0
0.22056063405004497
-1.0
-1.0
1.0
-1.0
-1.0
0.6351713037182872
0.9853379095704187
-1.0
-1.0
0.2046436290881769
0.21751875528858325
0.22993150716775557
-1.0
-1.0
-1.0
0.4276801699553511
-1.0
-1.0
0.3423459995584295
-1.0
0.6716669889250955
0.13251920512798904
-1.0
0.07536110430899515
-1.0
-1.0
0.19281882120931457
0.4304139832563431
-1.0
-1.0
-1.0
-1.0
-1.0
0.12719481751282777
-1.0
-1.0
-1.0
0.6586551908309773
0.7401987545712254
-1.0
0.5277228620424139
-1.0
-1.0
0.32467687715298094
0.3228800474453283
-1.0
0.9585392779552309
0.9527701686354141
-1.0
0.4139152332192529
-1.0
-1.0
-1.0
0.10689213838635174
-1.0
0.3061435890586084
0.2613433058800689
0.19613531466465794
-1.0
0.17508291330393008
0.2337587343837561
0.7439270005449465
0.22002903180735545
0.28537578756797405
1.0
0.44052747225334865
-1.0
-1.0
0.23149330975753263
0.20470990042270626
-1.0
0.30341931571103836
-1.0
0.6058095000839364
0.16141944150306856
-1.0
0.3839947396344929
-1.0
-1.0
-1.0
0.4942253392997061
-1.0
0.32450810005048175
0.22382167164630798
0.1894875135256838
-1.0
-1.0
-1.0
-1.0
-1.0
-1.0
0.13240893327017503
0.32033595303048135
0.28446741050340124
-1.0
0.822475206298333
-1.0
-1.0
-1.0
-1.0
0.37509198906878616
0.11479918696511894
0.1761027632785146
-1.0
0.10192940916167163
-1.0
-1.0
-1.0
-1.0
-1.0
0.08933777113122092
-1.0
-1.0
-1.0
0.4328606247612713
0.10545115512420086
0.19688097683606362
-1.0
-1.0
1.0
0.33912913191419075
-1.0
-1.0
-1.0
-1.0
-1.0
0.15650030307561308
0.2707751985312766
0.363578234841873
-1.0
-1.0
-1.0
-1.0
0.33995181884094294
-1.0
0.5396291125353928
-1.0
-1.0
0.09498848976112831
-1.0
0.13935227056896335
-1.0
-1.0
-1.0
-1.0
-1.0
0.11739182945066859
0.06032620228796735
0.46663304341532674
-1.0
-1.0
-1.0
-1.0
0.16266762763173953
0.948361425145822
0.6331469598602181
0.4439369931479588
1.0
0.581718067972088
-1.0
1.0
-1.0
0.07182764802146974
-1.0
0.051533458200123984
0.1634131924646911
0.39305044885718615
-1.0
-1.0
0.0808118500316927
0.15478760521821622
-1.0
0.050893732512122446
-1.0
-1.0
0.05022304235404028
-1.0
0.2971093573680662
0.3558545362586718
0.23297769695525375
-1.0
0.2270926343887953
0.41359458650804615
0.3512773928825843
-1.0
0.9087491656171369
0.42741034158824237
0.3190183531132545
0.5270491951970807
0.7910825780998055
0.6538521027421137
-1.0
-1.0
-1.0
0.3259674263013538
-1.0
-1.0
0.34814222462156746
-1.0
-1.0
-1.0
0.2775266688112262
-1.0
-1.0
0.20749588680606648
-1.0
0.6792841157609731
-1.0
-1.0
0.08432033973125662
-1.0
0.07915751445499594
-1.0
0.6032654324033324
0.7044372579444088
-1.0
-1.0
0.18383513489062694
0.5883340837629103
-1.0
-1.0
-1.0
-1.0
-1.0
0.3583054899784983
-1.0
-1.0
0.4812545417464299
-1.0
-1.0
-1.0
-1.0
0.5394030125103336
0.6501054250012893
-1.0
-1.0
-1.0
-1.0
-1.0
0.3861414007460453
-1.0
0.27640245604422803
0.35118906216880985
0.3271768727720959
-1.0
-1.0
0.3679608770766855
0.48148968114169366
0.7495564938882153
0.8959248119546156
-1.0
0.1641877837185799
0.15092168365467895
0.12092684436175086
-1.0
0.14638415500635268
0.3108087417345531
-1.0
0.07376465593243668
-1.0
-1.0
0.035378572724803894
0.12665564600116289
0.09468201777388188
0.18463204820180484
-1.0
0.36360952677650865
0.40955723098254276
1.0
0.9576277123592462
-1.0
-1.0
-1.0
0.921212375104227
-1.0
-1.0
-1.0
-1.0
0.4848366241449208
-1.0
-1.0
0.09235409265264229
-1.0
-1.0
0.2538069287681972
-1.0
-1.0
0.04099772896809864
-1.0
-1.0
-1.0
0.02358291700797197
0.6400540970243459
0.550001141904421
-1.0
0.5705026609627251
0.5886124277906855
-1.0
1.0
0.9806765733232897
-1.0
-1.0
0.2702621316516371
-1.0
-1.0
-1.0
-1.0
-1.0
0.1356107969913336
-1.0
-1.0
0.6274839218513422
0.1806325233474616
-1.0
-1.0
0.07723950682171223
-1.0
-1.0
0.2297347662688336
-1.0
0.6501785985973901
-1.0
0.5391955642629711
0.33712873541894656
-1.0
0.045372980676156596
0.04271270894861105
-1.0
-1.0
0.3366378234591058
0.9526161408688931
0.308202319146715
-1.0
0.157661838485176
-1.0
-1.0
0.5352502461522269
1.0
-1.0
0.05925863438751316
-1.0
-1.0
0.07955049209492841
-1.0
0.09128315691783757
-1.0
-1.0
0.03966490292882365
-1.0
0.635900945058381
0.12975393485685424
0.06683498536494549
-1.0
-1.0
0.7185580539686227
-1.0
-1.0
-1.0
-1.0
0.15854106670442977
-1.0
0.09188789329548609
-1.0
-1.0
-1.0
-1.0
0.028295506864704237
0.0305877112420532
-1.0
0.03419870142324018
1.0
0.3848362390824904
0.5394607631865833
-1.0
0.8131904039929835
0.6282136035908028
-1.0
-1.0
0.27600944164463015
-1.0
-1.0
0.5237592626425358
0.6936009228701278
0.7205959908220319
-1.0
1.0
0.5365352569430782
-1.0
-1.0
-1.0
0.10238659241980488
0.07338819992079534
0.7912800166665054
1.0
-1.0
-1.0
0.07233880198824294
-1.0
-1.0
0.06270174801753882
-1.0
0.060253857638356854
-1.0
-1.0
0.0447971947445837
-1.0
0.5574619741272702
-1.0
-1.0
0.042183106974155324
-1.0
-1.0
-1.0
0.6208029535333205
-1.0
-1.0
0.050081428373748745
0.23415521128829395
-1.0
-1.0
0.09009030694453565
0.05680076316410978
-1.0
-1.0
-1.0
-1.0
0.05765998664824547
-1.0
-1.0
1.0
-1.0
-1.0
0.037003680873785305
0.03464190219109379
-1.0
-1.0
0.8045920964357373
1.0
0.770220552460869
-1.0
-1.0
0.20024895600902948
-1.0
0.16337981425691214
-1.0
1.0
1.0
-1.0
0.0696187850401675
0.12613346626630909
-1.0
-1.0
0.09354955860923922
-1.0
0.3391504358411154
-1.0
-1.0
0.5985681521384224
0.696180462617408
-1.0
-1.0
-1.0
-1.0
0.6146539907584069
0.24095997933519833
0.07780739729560074
-1.0
-1.0
-1.0
-1.0
0.06667177119774034
0.04474702426140388
-1.0
0.06752087436217935
-1.0
-1.0
-1.0
0.07996574633205043
-1.0
-1.0
-1.0
-1.0
0.11395381272993796
-1.0
-1.0
-1.0
0.020213113621835865
-1.0
-1.0
0.049639300917507595
0.014708752420217621
0.5202862145650246
0.24246632778911284
-1.0
-1.0
0.4684699264406499
-1.0
0.605936886189342
1.0
0.31996227870753524
0.2168368808868626
0.3414946412194818
-1.0
-1.0
0.1625317420107866
-1.0
-1.0
0.032715304403323826
-1.0
-1.0
0.09044804289744676
-1.0
-1.0
-1.0
0.034102532160977854
0.023959711734603102
-1.0
0.5620315403163383
-1.0
-1.0
-1.0
-1.0
-1.0
-1.0
0.13045141674207894
-1.0
-1.0
0.06638605669659046
0.36307549522743265
-1.0
0.7792361465037321
-1.0
-1.0
0.48348322073121347
0.9469814526085041
-1.0
0.7668699835959791
0.67412040052024
-1.0
-1.0
-1.0
0.063223205448779
-1.0
-1.0
0.1071907749598336
-1.0
-1.0
0.03550611631186372
0.026608670752573886
0.019613048802535622
0.5580308763579815
-1.0
0.8776259457544187
1.0
-1.0
0.3824478875993685
0.8132109194176768
1.0
-1.0
-1.0
-1.0
-1.0
0.3837868048407203
0.8745045721677589
-1.0
1.0
-1.0
-1.0
-1.0
0.11858942746340345
0.12922404317503514
-1.0
-1.0
-1.0
-1.0
0.16882869725574637
-1.0
-1.0
1.0
-1.0
-1.0
0.24103769487744867
-1.0
-1.0
0.12294252377636611
0.0854158897895476
0.0815086700456469
0.16384798145331225
-1.0
0.6014605978702176
-1.0
-1.0
-1.0
0.27020971991179576
-1.0
-1.0
0.2083330975244169
-1.0
-1.0
0.4009636453062609
-1.0
0.13202294792600824
-1.0
0.18602502549931954
-1.0
0.03449535462187517
0.08656411981534023
0.09858367888340488
0.1987073250762837
0.7203963310317056
0.040976861122156795
0.04291063590002164
0.058659632079266756
0.041605902682168586
-1.0
-1.0
0.46867598798071536
-1.0
-1.0
0.32392128008559645
0.16742528060270648
-1.0
-1.0
-1.0
-1.0
-1.0
0.9862435384307107
-1.0
-1.0
-1.0
-1.0
0.03344927398077129
-1.0
-1.0
0.36108091568233663
0.399284540023018
0.2713195838405155
-1.0
0.3587671300313036
-1.0
-1.0
0.6291322504683506
-1.0
-1.0
-1.0
-1.0
0.15629271772802159
0.15006380557860105
-1.0
-1.0
0.8310039204753877
1.0
-1.0
0.2478594949921518
-1.0
0.21538257810596464
-1.0
0.15254648449287067
0.08023624924826873
-1.0
-1.0
-1.0
-1.0
-1.0
0.007354158084216506
-1.0
0.010397236088379069
-1.0
-1.0
0.08105422673187558
-1.0
1.0
0.03893309513517281
0.019902460777256124
-1.0
-1.0
-1.0
0.26519085436064277
-1.0
-1.0
-1.0
-1.0
0.2915670392351509
0.875535052858684
0.24023026816740423
-1.0
0.19684726259630175
-1.0
-1.0
-1.0
-1.0
-1.0
0.11671491988669412
0.10966031970068735
0.05771592301431145
0.08875605166921202
-1.0
0.5776424206282305
0.1273721799599164
0.1720484889715318
-1.0
0.2236673124898091
0.0888366901171247
0.046156278781118734
0.27650520563372494
-1.0
0.08611834985310193
0.04470395423362107
0.38395256103467407
0.3983538523466637
1.0
-1.0
-1.0
-1.0
-1.0
0.4973433848438438
-1.0
-1.0
0.5983141062515651
0.6152759572906571
0.7213358552870183
-1.0
-1.0
-1.0
-1.0
-1.0
-1.0
-1.0
0.2919264802517518
-1.0
-1.0
0.2805203332848202
-1.0
0.26698876174696967
-1.0
-1.0
-1.0
-1.0
-1.0
0.8762091319038647
-1.0
0.04449459408596587
0.04418590245083369
-1.0
-1.0
0.14864041484808338
0.2465121951938571
-1.0
-1.0
-1.0
-1.0
-1.0
0.23682692755115803
0.2082982113899924
0.21803149026414875
0.2610822100139264
0.5470950909326046
-1.0
-1.0
-1.0
0.3491300510737877
0.45025369637697393
-1.0
-1.0
-1.0
-1.0
-1.0
-1.0
0.525671092046979
-1.0
-1.0
-1.0
-1.0
0.21954964636514077
-1.0
0.25973069312763636
0.16683410978540406
-1.0
-1.0
-1.0
-1.0
-1.0
-1.0
-1.0
0.07212450513233687
0.1270645467566227
0.350562113863684
1.0
0.5477875026113942
-1.0
0.7418515524106462
1.0
0.8318337799817045
0.8228138055126551
-1.0
-1.0
-1.0
-1.0
-1.0
-1.0
-1.0
0.28635696613963635
1.0
0.13100244188801868
0.108900217571512
0.11312381839103693
-1.0
0.1672017503230425
-1.0
-1.0
0.3239608209157643
0.4473795733187456
-1.0
-1.0
-1.0
-1.0
-1.0
-1.0
-1.0
0.8645841901460801
-1.0
-1.0
-1.0
-1.0
-1.0
0.5791670625076896
-1.0
0.19228172796075316
-1.0
-1.0
-1.0
-1.0
-1.0
-1.0
-1.0
0.01929453255035094
0.056075490671337276
-1.0
-1.0
-1.0
-1.0
-1.0
-1.0
-1.0
-1.0
-1.0
-1.0
-1.0
0.05656558982898407
0.09131701407660003
0.13925875978815425
0.08879187289882325
-1.0
-1.0
-1.0
0.11583691589809168
-1.0
0.10860984679786098
0.04600435355654395
0.030853479040986436
0.11198418099238
-1.0
-1.0
-1.0
-1.0
0.16397245050634654
-1.0
-1.0
-1.0
0.17392055185162425
-1.0
-1.0
-1.0
0.6425774095102074
-1.0
-1.0
0.18824209127347052
-1.0
-1.0
0.7896399719797311
-1.0
-1.0
0.18748722501976933
0.10746836498899394
0.15739656520807943
-1.0
0.748672130405104
0.7634270984054605
-1.0
1.0
1.0
-1.0
-1.0
0.2900862482411347
-1.0
-1.0
-1.0
0.3178423303217641
1.0
0.17929397737877184
0.09955805937395158
-1.0
-1.0
0.2783684356195662
0.2761742520038139
0.8124876043591687
-1.0
0.2095843539712704
-1.0
0.08617140713323189
-1.0
0.07859115438173371
-1.0
0.12747798947519942
-1.0
-1.0
0.8562709067523993
-1.0
0.8529062013871029
0.3452802667129721
-1.0
-1.0
-1.0
-1.0
0.6267373105361413
0.9267208170420936
0.5326350719672238
-1.0
-1.0
0.2574675179420057
0.16646136725928143
0.11188189243247924
-1.0
-1.0
-1.0
-1.0
0.07667414145248626
-1.0
-1.0
-1.0
-1.0
0.13472820918235304
-1.0
-1.0
0.039706615174040776
-1.0
-1.0
0.03339446643479613
-1.0
-1.0
0.08614882799197475
-1.0
0.49366611402931
0.6632743153876872
0.1446220141993334
-1.0
0.13676104492244143
-1.0
0.18542708812951234
-1.0
-1.0
0.966817453979445
0.6334338848337776
-1.0
-1.0
0.10069893335412475
0.6885691606437946
-1.0
1.0
-1.0
-1.0
0.037147453895963155
-1.0
-1.0
-1.0
0.06642794581883808
0.09770595517269583
0.19174341695076916
-1.0
-1.0
-1.0
0.2927592361459763
-1.0
-1.0
-1.0
0.014004041425494608
-1.0
0.0704457657632357
-1.0
0.11990395828473294
-1.0
0.4465008789621433
0.8765321046099592
1.0
0.8643858986471656
-1.0
0.0962620771205577
0.4120240433431737
0.981960733771464
-1.0
1.0
0.1580264310887376
0.13954815093712436
-1.0
-1.0
0.015341188777772243
-1.0
-1.0
-1.0
-1.0
0.01182664703076662
0.10741694168877912
-1.0
-1.0
0.08703341359786586
-1.0
0.03233724905305599
-1.0
-1.0
0.018887183731362896
0.06332640534574326
0.016367770544838837
-1.0
0.1775239457401316
0.6677480597849642
0.6854516242354952
0.34320487462830224
0.30387221027117767
0.45143284087710034
0.3990391965593111
0.5435075502250988
0.41459861178689117
-1.0
-1.0
-1.0
-1.0
-1.0
0.12563330712651988
-1.0
-1.0
-1.0
-1.0
0.2925612745184224
0.5555290355868676
0.5542349476914324
0.8252565199478824
0.3495314812341153
-1.0
-1.0
-1.0
0.4725917940099456
0.38230833779590834
0.6955205777016095
0.41203283191126755
0.39082207950310405
0.25194946343350616
0.21849045740017956
-1.0
-1.0
-1.0
0.5063450578479245
0.4949308383518687
-1.0
-1.0
-1.0
-1.0
0.535043233412195
0.7482573524750599
-1.0
0.39514520640642814
0.394620592110643
0.30131978129408343
-1.0
0.29020737939799723
0.13768389631256595
-1.0
-1.0
-1.0
-1.0
0.08067617707443393
-1.0
-1.0
0.1444560705583996
0.09902879508145479
-1.0
-1.0
-1.0
-1.0
0.881543149538395
-1.0
-1.0
-1.0
-1.0
-1.0
0.04941595456063612
-1.0
0.10675562709246737
0.23662103893426115
0.25446866256061224
-1.0
-1.0
-1.0
-1.0
-1.0
0.2555684418244511
-1.0
-1.0
-1.0
0.5741383206113398
0.6813142484280451
-1.0
-1.0
0.30386194574066355
0.39098250866124584
-1.0
-1.0
0.3706014488918455
0.2551961555757946
-1.0
-1.0
-1.0
0.24744546256198643
-1.0
-1.0
-1.0
-1.0
-1.0
0.37888850443807404
0.4402502195887786
0.5121207216051612
-1.0
0.61067927401044
0.57550496921864
0.47566745323168896
0.358291125666538
0.33916033375739874
0.4453313195482213
0.3086859345055039
-1.0
-1.0
0.19177460357593842
-1.0
-1.0
0.5004616215023415
-1.0
-1.0
-1.0
-1.0
0.45257521548285484
-1.0
0.7249624422418631
0.6144744532551287
-1.0
-1.0
0.25792816830533083
-1.0
-1.0
-1.0
0.423480353400033
0.5829624957426768
0.6577689612140257
0.7340545758097661
-1.0
0.3408052420066579
-1.0
-1.0
0.613776794665227
-1.0
0.34697346415952146
-1.0
0.23748321585063709
0.7959695272977273
-1.0
-1.0
-1.0
0.10008292576209962
-1.0
-1.0
0.05918396787805134
-1.0
-1.0
0.07673012911715005
0.05233752634225358
-1.0
0.9974979385736318
-1.0
-1.0
0.4014927928621296
-1.0
1.0
-1.0
-1.0
-1.0
0.04198711460172208
-1.0
0.05885487871157597
0.05802947864235475
-1.0
0.07971192313339048
-1.0
-1.0
0.26081209229976515
0.20900648907971117
0.41881823757685543
0.441391537393803
0.7810719953116433
0.7738872036943407
0.6408672298840936
-1.0
-1.0
-1.0
-1.0
-1.0
-1.0
1.0
-1.0
0.1541965209322754
-1.0
0.07451363000736712
0.4148334100883713
-1.0
0.17095327132474145
0.03917564765169957
0.09065278041466684
0.09832943069516178
0.029979337465369498
-1.0
0.08023244596855049
0.03384611083693002
-1.0
0.21181016184656787
-1.0
-1.0
0.8343223635320617
-1.0
-1.0
0.13357472365472137
-1.0
-1.0
-1.0
-1.0
0.7661579919633141
0.2764812847418585
-1.0
-1.0
-1.0
-1.0
-1.0
-1.0
-1.0
0.11896098860151064
-1.0
0.21832809197114936
0.941829775037936
0.455454050570673
-1.0
0.45833666012413915
0.3657557520013375
-1.0
-1.0
-1.0
-1.0
0.1231031003867841
-1.0
-1.0
-1.0
-1.0
-1.0
0.10496646293762346
0.05250902839468115
-1.0
0.23346090074337358
-1.0
-1.0
-1.0
-1.0
-1.0
-1.0
0.01853421795311745
-1.0
-1.0
-1.0
0.9839692368011861
-1.0
-1.0
0.8469073645378544
0.5915032224699373
-1.0
-1.0
0.027573200868490255
0.010752197009603334
0.25870608989510097
0.4678485566572423
0.06361254442663891
0.06311195907123308
0.5767021207951865
1.0
-1.0
-1.0
1.0
0.6766888808904123
-1.0
0.04748398492400245
-1.0
-1.0
-1.0
0.07653098372770333
0.08946070084605103
0.022417180562664417
0.06791478109851468
0.07731521311700736
-1.0
0.08303337512526307
-1.0
-1.0
-1.0
0.3431319181389489
-1.0
0.23003736430192875
0.36976247615985885
0.43634755722749047
-1.0
0.23914297423152614
0.42903272109716223
-1.0
0.22532229838945717
-1.0
-1.0
-1.0
-1.0
-1.0
-1.0
0.07408964030235612
0.036453270095723474
0.028710925296387985
0.0949086522943093
-1.0
-1.0
-1.0
0.8577330811172268
1.0
-1.0
0.29429660073137104
0.26776047425438
0.09192267445427507
-1.0
-1.0
-1.0
-1.0
-1.0
-1.0
