0.0
0.0
-1.0
-1.0
-1.0
-1.0
-1.0
0.428686931993925
-1.0
-1.0
-1.0
-1.0
0.3641206700055574
0.34111766981394
-1.0
-1.0
-1.0
-1.0
0.1735179501213673
-1.0
-1.0
-1.0
0.28351398546110185
-1.0
-1.0
-1.0
-1.0
0.276387359880983
0.18573241638022586
0.15163553442617667
0.3051581085215991
0.4631645619047686
0.48030896781161936
-1.0
-1.0
-1.0
-1.0
-1.0
0.29030059831110305
-1.0
0.27108832358293555
0.3647879782752997
-1.0
0.17570941831041165
-1.0
0.5237406272765529
0.4920432788459843
0.32378953083966844
0.30304867585753126
0.15008292262539094
0.31342483022127005
0.3228510668834822
0.40458735471608626
0.4174537201720741
0.8105484284092149
0.5274120901096364
-1.0
-1.0
0.5152896367597548
0.7782529689526774
-1.0
0.5407716648328842
-1.0
-1.0
0.39224651324996745
-1.0
-1.0
-1.0
-1.0
-1.0
-1.0
-1.0
-1.0
0.1486588312689862
-1.0
-1.0
0.17526894191739567
0.7980632361239505
-1.0
-1.0
-1.0
-1.0
-1.0
-1.0
0.26392582594752473
-1.0
-1.0
-1.0
0.5769924162474465
-1.0
-1.0
-1.0
0.21231074882256307
0.540026265503032
-1.0
0.3009208980453612
-1.0
-1.0
0.3086014322433391
0.16799771439500719
0.7334069963648221
-1.0
-1.0
-1.0
-1.0
-1.0
0.5732485385113164
0.5366684694489005
0.14904110987607602
0.1800171047180514
-1.0
0.18097119222068062
0.0948232035375296
-1.0
-1.0
0.18900053280279452
-1.0
0.5026351863165955
-1.0
-1.0
-1.0
0.730046682282878
-1.0
-1.0
-1.0
0.14982280952734517
-1.0
-1.0
0.4208827383235699
-1.0
-1.0
0.07501027201040425
0.08852747948890516
-1.0
0.8828952631491058
-1.0
0.8798441764851934
0.7125343672286557
0.47361056208165786
0.5746534404586258
0.5461392675154996
-1.0
-1.0
-1.0
0.6525162974596709
0.746331211956903
-1.0
-1.0
-1.0
0.2881536278391141
-1.0
-1.0
-1.0
0.20147234000305714
0.32851019523628294
0.4496224428811973
0.31223578784238193
-1.0
0.26385977212014505
0.05761906771766936
0.10183428210256622
0.4642445295036494
0.4403392183811898
0.10358110837394255
-1.0
-1.0
-1.0
0.07221615752287741
0.1571954024497713
0.1061995681874713
0.6411789818112767
0.8442552331243016
0.6922223987426436
0.49047280292084455
-1.0
0.5263947264580506
-1.0
0.4530401639685458
0.3875553104090981
0.5925510856660492
0.8024980152053898
-1.0
-1.0
0.476994895048294
-1.0
-1.0
-1.0
-1.0
0.45631129056971387
-1.0
-1.0
-1.0
0.4070721408258584
-1.0
-1.0
-1.0
0.45060981363779684
0.3516898270429776
0.6238333333934005
0.6877188996300557
-1.0
-1.0
0.46695099469647333
0.5485005956591054
-1.0
-1.0
-1.0
-1.0
-1.0
-1.0
-1.0
-1.0
-1.0
-1.0
-1.0
0.2304201582239854
-1.0
-1.0
-1.0
-1.0
-1.0
-1.0
-1.0
-1.0
-1.0
-1.0
-1.0
-1.0
0.4959741027485378
-1.0
-1.0
0.49037414307566024
0.3775103952441301
0.21862755877169335
0.34292254913153813
0.36942818275621786
-1.0
-1.0
-1.0
-1.0
-1.0
-1.0
0.8759101287404194
0.5785189754981295
-1.0
-1.0
-1.0
-1.0
0.23396050150301675
-1.0
0.22986027495633513
-1.0
0.253825812884629
-1.0
-1.0
0.5228755358152045
0.1536575673113702
-1.0
-1.0
0.2757816301987292
-1.0
0.7273892679627627
-1.0
-1.0
0.3620717342411608
0.3663687100410055
-1.0
0.989424424606349
-1.0
-1.0
-1.0
-1.0
-1.0
0.34901073389111514
0.15739751343789193
-1.0
-1.0
-1.0
-1.0
-1.0
0.38136178175351587
-1.0
0.21572706291834032
0.3062006880373934
0.3917914871010359
0.4417854451717335
-1.0
-1.0
-1.0
0.46715767581928247
-1.0
-1.0
-1.0
0.4925615263554815
0.9753503379762979
0.5507449166081042
0.66619085749743
-1.0
0.5022368886446166
-1.0
-1.0
-1.0
0.3009788126839338
-1.0
-1.0
-1.0
-1.0
-1.0
-1.0
0.04040823720159986
-1.0
0.09288810682881632
-1.0
-1.0
-1.0
0.6911967949320744
0.8255116585275211
-1.0
0.12119911525520884
-1.0
0.09494883092345216
-1.0
0.26601703438349583
0.04413408628295793
-1.0
0.0812740866235579
-1.0
0.1146680697828309
0.06254468840716013
0.027708274017126073
0.015462706055471195
0.01077738320567093
-1.0
-1.0
0.05192508656934151
0.2844938108687061
0.2609751465049534
-1.0
-1.0
-1.0
-1.0
0.2927519445393646
0.39481665372189334
-1.0
-1.0
0.142909695065389
-1.0
0.06854218119725783
0.08407191439597235
0.5006782557363063
-1.0
0.17684674477459197
0.10831789867458415
0.42320678330353334
0.13908844471953788
-1.0
-1.0
-1.0
-1.0
0.0958966238814927
-1.0
-1.0
0.1618599603439488
-1.0
0.9697938145518202
-1.0
0.07864269752365212
-1.0
-1.0
-1.0
-1.0
-1.0
0.12055330881277372
0.08254083131360318
0.11175715495543018
-1.0
0.07364863671132987
-1.0
0.7463530097253329
1.0
0.8171088850865128
0.7840790088669081
1.0
0.8209732191374068
0.7162695554312783
0.28518991875945066
-1.0
0.12724020350468634
-1.0
-1.0
-1.0
-1.0
-1.0
0.24202234011745852
-1.0
-1.0
-1.0
-1.0
0.7929439051896576
-1.0
-1.0
-1.0
-1.0
-1.0
0.14834249843657732
0.16811663152164705
0.13937009388072533
-1.0
-1.0
0.0415998308530961
0.020813945723631724
-1.0
-1.0
0.4404270830043114
0.5952537673529679
-1.0
0.8751984112738961
0.8899973161197886
-1.0
0.6672325760135623
1.0
-1.0
-1.0
-1.0
-1.0
-1.0
0.3373434124762225
0.8322739857971412
1.0
-1.0
1.0
-1.0
-1.0
-1.0
0.21437464465754869
-1.0
-1.0
0.1656207643962872
0.1066899475103619
-1.0
-1.0
-1.0
-1.0
-1.0
1.0
0.10584235215999502
0.11840098646582868
0.17805997558809175
0.22650827781955435
0.11488181291371757
0.1198833884450118
-1.0
-1.0
0.7559760922971513
-1.0
-1.0
0.04645817408816375
0.03750115064432454
-1.0
0.08507382473245756
0.035488770221017596
-1.0
0.14503507857479606
0.04209252497241123
0.10948426993572638
-1.0
-1.0
-1.0
-1.0
0.0664233898084112
0.8832429083595277
0.7691578753527697
0.7763049037373869
1.0
-1.0
-1.0
-1.0
-1.0
-1.0
0.08641273955075476
0.10248938227456568
0.853507398793495
0.33783866050526207
0.21307783759424848
-1.0
0.14550513467957574
0.1185842891469592
0.04388685714759838
-1.0
-1.0
-1.0
0.11873640335092889
-1.0
-1.0
-1.0
0.1387958044004134
0.0549237298898936
0.0637198598416325
0.2913928195024995
-1.0
-1.0
0.1853278002394277
-1.0
0.14038949565039568
1.0
0.7661857130524098
-1.0
-1.0
0.03652496588881673
-1.0
-1.0
-1.0
-1.0
0.22045531807791088
-1.0
0.058166183134342055
0.08494521538834683
0.04502545886124554
-1.0
0.2167575851069555
-1.0
0.020628933503819107
-1.0
-1.0
0.7563130434132282
0.34250895598634845
0.17804633487860758
-1.0
0.12833899087938308
-1.0
-1.0
0.0831934582574703
-1.0
-1.0
-1.0
-1.0
-1.0
0.06655128151582565
-1.0
-1.0
-1.0
-1.0
-1.0
0.09154342943292572
-1.0
-1.0
0.1785083401106087
-1.0
0.09457705443937743
0.5877529014884204
-1.0
-1.0
0.5291285719083231
0.21431993512809336
-1.0
-1.0
0.11867354794903649
-1.0
-1.0
0.2718483484137175
0.4332907720286219
0.56146359692293
0.7812571248786642
-1.0
1.0
-1.0
0.6628889669364154
0.7641165073498984
1.0
-1.0
1.0
-1.0
-1.0
-1.0
-1.0
0.3578419206098251
-1.0
0.3707685503151369
-1.0
-1.0
-1.0
-1.0
0.756053831326013
-1.0
-1.0
-1.0
0.07241565222799444
-1.0
-1.0
-1.0
0.1294439631603338
0.19253261992640655
-1.0
-1.0
-1.0
-1.0
-1.0
0.04069523112736072
0.09306147182786441
0.06224061600328158
-1.0
-1.0
1.0
-1.0
-1.0
0.1161332420129303
0.08911939102716483
-1.0
0.0654694234199164
-1.0
-1.0
0.3043641215464623
1.0
0.7156330452579559
0.6710178863537749
1.0
-1.0
-1.0
0.09274651211434153
0.10174715827227471
0.139230444316472
0.18853417291089217
1.0
0.7858569202126555
-1.0
-1.0
1.0
-1.0
-1.0
-1.0
0.10825309931752305
-1.0
0.05912248664345548
-1.0
-1.0
-1.0
-1.0
-1.0
-1.0
0.2554966834012949
0.5931228802428248
-1.0
0.8998076371573435
-1.0
0.5767380710733788
-1.0
0.6053676089137939
0.6085377725698624
-1.0
0.27741375075613267
0.4809666083031929
0.4249172701783533
-1.0
-1.0
-1.0
-1.0
-1.0
0.9201588952939976
-1.0
-1.0
0.7301078199146577
0.7834656057322876
0.9282894559760866
0.5242856236315818
-1.0
0.2241328223989472
0.17795600803037706
0.12218160936003859
-1.0
-1.0
-1.0
-1.0
0.7937390208826185
0.22126309731136368
-1.0
-1.0
-1.0
0.03650994552235134
-1.0
0.41340786236213695
0.5063775619194233
0.7049851547799775
1.0
-1.0
0.40927166083087635
0.498814388282716
0.3284082501232447
-1.0
0.4493253737369904
0.14734410096712605
-1.0
0.3452859624710201
-1.0
-1.0
-1.0
0.3976934248676717
0.4079806715715618
0.3220493676906845
-1.0
-1.0
0.7801040337981566
-1.0
-1.0
-1.0
-1.0
0.19191059108303193
-1.0
-1.0
-1.0
0.05082116366866645
0.119518753240976
0.18275369098001037
-1.0
-1.0
0.5015486350530333
0.6186804296239777
-1.0
0.8601695117300362
0.6114970167143883
-1.0
-1.0
0.09418710612926626
-1.0
-1.0
-1.0
-1.0
0.8145753677835778
0.5567624173919237
0.9452740368150313
0.7826472096221792
-1.0
0.5002259915348765
0.47892020837612653
0.582253665785474
-1.0
0.48457380824640883
-1.0
-1.0
-1.0
-1.0
-1.0
-1.0
-1.0
-1.0
0.26899151327151977
-1.0
0.03383236631863624
0.028194399835909576
0.14784990388571734
-1.0
-1.0
-1.0
-1.0
0.35062104052245097
0.21517791316164156
0.49496979646916234
0.23841830967345606
-1.0
-1.0
0.7081711248351709
0.5228856487318629
-1.0
0.22738866892272058
0.35848462496517497
0.20172636160212276
-1.0
0.9197813286878039
0.8664314614685249
0.7245437440280903
-1.0
-1.0
0.21484319725264825
0.18557747984276213
-1.0
-1.0
-1.0
-1.0
0.6835087783876436
-1.0
-1.0
0.9998763293774002
0.6041211232011159
0.3162329732736488
0.45834435991484335
0.44634097233664777
0.3222551923098594
-1.0
-1.0
-1.0
-1.0
0.8809381133108829
0.14720254848798278
0.04427905412713996
0.033363719763204853
0.1272853117252876
-1.0
-1.0
-1.0
-1.0
0.14509499790960428
-1.0
0.04153490611180189
0.045206389059455745
0.4949520672524724
0.9072903703918482
-1.0
-1.0
0.24631518921576814
-1.0
0.34545609750243794
-1.0
-1.0
0.7624961783981994
-1.0
-1.0
0.28662255338187104
0.7815992480604012
0.7349355365710897
-1.0
-1.0
-1.0
-1.0
-1.0
-1.0
-1.0
0.06031115690717986
-1.0
-1.0
-1.0
-1.0
-1.0
-1.0
0.10284186953500878
-1.0
0.1748467217931582
-1.0
-1.0
0.1259747862747305
-1.0
0.5030778067972044
-1.0
0.2791715265923753
-1.0
-1.0
-1.0
-1.0
-1.0
-1.0
-1.0
-1.0
-1.0
-1.0
-1.0
0.10386260946600741
-1.0
0.1954790318663352
-1.0
0.5522889080360147
-1.0
0.23083049561682933
-1.0
-1.0
-1.0
-1.0
-1.0
-1.0
0.3847702495349922
-1.0
0.12466177780697425
0.12969518653337794
0.055943206875676825
0.11393628259094865
0.06477969726924715
-1.0
-1.0
-1.0
1.0
0.08995135570707444
0.14249787901758762
0.13810297653215078
0.05907337445737208
0.0600590810488362
0.1368254721159159
0.19785789857198402
-1.0
0.07687106880008733
-1.0
0.05430978358104766
-1.0
-1.0
0.9378036290941514
1.0
-1.0
-1.0
-1.0
0.11194720836869303
0.25040913655980246
0.5069657600077989
-1.0
-1.0
-1.0
0.12711297439869837
-1.0
0.19317775342732882
0.06250396791577173
-1.0
0.12247324307762938
-1.0
-1.0
-1.0
0.2991987536172812
-1.0
-1.0
1.0
-1.0
0.210008265203039
-1.0
-1.0
-1.0
0.06031502522055679
-1.0
-1.0
-1.0
0.2835831865818348
0.293143364839313
-1.0
0.5645794638017827
0.836040853230313
-1.0
-1.0
0.0735544476038781
-1.0
1.0
1.0
-1.0
-1.0
-1.0
-1.0
-1.0
-1.0
-1.0
-1.0
-1.0
-1.0
-1.0
-1.0
0.6379589192484211
-1.0
0.10544005223762336
-1.0
-1.0
-1.0
-1.0
-1.0
-1.0
-1.0
0.20477929772394582
0.19206483373408972
0.11858735110834183
-1.0
0.0721164303206297
0.1400669302962853
-1.0
0.151297242882683
-1.0
-1.0
0.3667252474591792
-1.0
-1.0
1.0
-1.0
-1.0
0.100200908367783
-1.0
0.11631683179751315
-1.0
-1.0
0.17661613052174233
-1.0
-1.0
0.08425643906773783
0.0350693240111074
-1.0
-1.0
-1.0
0.3849862571550397
0.4199146149211213
-1.0
-1.0
-1.0
-1.0
-1.0
0.3842249377230079
-1.0
-1.0
0.24318742086176867
0.1280526208468865
-1.0
-1.0
0.07327718706784629
0.341762021803316
-1.0
-1.0
0.34652311439467576
-1.0
-1.0
0.2712108321031275
-1.0
0.26636858875451935
-1.0
-1.0
1.0
-1.0
-1.0
0.8017444522358708
0.637967147974973
0.8221243167776358
0.8849221165804922
1.0
-1.0
-1.0
-1.0
-1.0
-1.0
-1.0
0.11876227861316539
0.14136561020224295
0.1672428037716912
0.17177896526948783
-1.0
-1.0
-1.0
0.20492610689367594
0.18693893386674187
0.5839462656857326
-1.0
0.13344785806802076
-1.0
1.0
-1.0
-1.0
-1.0
-1.0
-1.0
0.10084529946006791
-1.0
-1.0
0.14918253146008764
-1.0
-1.0
0.058638911756575506
-1.0
0.07665038557138484
0.13347576401041766
-1.0
0.09813883173204241
0.2420793360915647
-1.0
-1.0
0.23509248524021967
-1.0
-1.0
1.0
-1.0
-1.0
-1.0
0.09086444921667167
0.02729270833596128
-1.0
1.0
-1.0
0.024287901244230723
-1.0
-1.0
0.025301115344792666
-1.0
-1.0
0.046156162415074885
-1.0
-1.0
-1.0
-1.0
0.7432145264412499
1.0
0.8418937820002164
-1.0
0.18040488849737493
0.18353090297173585
0.14965310846967608
0.3377186947826162
-1.0
0.8310738258541269
1.0
-1.0
-1.0
0.3042629339753381
-1.0
-1.0
0.45336920994421814
0.2749015615802181
0.03103698463650564
-1.0
-1.0
-1.0
-1.0
0.014521903745103275
0.028609552288175077
-1.0
-1.0
-1.0
-1.0
-1.0
-1.0
0.3927120512826674
0.19682979591021835
-1.0
-1.0
-1.0
0.1134364429042939
0.1267336521404092
-1.0
-1.0
0.42101917455073984
0.5423921729986568
-1.0
-1.0
-1.0
-1.0
0.21450575568458902
-1.0
0.2376340910994649
-1.0
0.35855644417749866
0.3782619873592746
0.3618220984902522
0.4478663539806434
-1.0
0.9397432274253602
-1.0
0.36268173258043607
0.4822672377814253
0.4951211353846657
0.1536351785421898
0.3493475096361576
0.09670128472262682
0.5636034108563897
0.5153712557544002
-1.0
-1.0
-1.0
-1.0
-1.0
0.3867319725550265
-1.0
-1.0
0.7816872062377797
-1.0
-1.0
-1.0
-1.0
0.3794575939720924
0.31767148501397324
-1.0
0.8537681258177393
-1.0
-1.0
-1.0
0.42947582657954464
0.48150826146408826
-1.0
0.7454828168839528
-1.0
-1.0
-1.0
-1.0
0.7577336001928802
-1.0
-1.0
0.48229037454942986
-1.0
-1.0
0.06035628563770349
0.18897186749169426
-1.0
-1.0
-1.0
-1.0
-1.0
0.1180711881368403
-1.0
0.09333578581943638
0.09200973748359649
-1.0
-1.0
-1.0
-1.0
0.4487906325133928
0.35452715761535236
0.23713129774610772
0.6591048542946822
0.2252291225953203
0.3785181712009387
-1.0
-1.0
-1.0
-1.0
-1.0
-1.0
-1.0
0.09496258749867588
-1.0
0.21895090526025807
-1.0
-1.0
0.269707047245393
0.26466697183397303
0.8654056277291696
0.21894316598990082
-1.0
0.13409902746413624
0.0781478280918603
0.06893420728351642
0.13828768548484702
0.2418171157924715
-1.0
-1.0
1.0
1.0
0.48247928249793126
-1.0
0.0805193369203479
-1.0
-1.0
-1.0
-1.0
-1.0
-1.0
0.1281730827327682
0.1253660339313393
1.0
0.8418125213495659
1.0
-1.0
-1.0
-1.0
-1.0
0.019838964109941515
0.02761891060714035
-1.0
-1.0
0.057892447533365914
0.08575381997260133
0.10413746438154821
-1.0
-1.0
-1.0
0.9618440658626776
0.7822169874727593
-1.0
1.0
-1.0
-1.0
-1.0
0.21997297232277935
-1.0
-1.0
-1.0
-1.0
-1.0
-1.0
0.1004789830826252
0.03619854562543795
0.022350029097535543
0.35473914155527264
-1.0
-1.0
0.08763193048812411
-1.0
-1.0
-1.0
-1.0
-1.0
-1.0
0.24392226931782066
0.03522479682225131
-1.0
-1.0
0.10020630686697406
0.49706869983650664
-1.0
-1.0
-1.0
-1.0
0.11525941745840482
0.025918885388479952
0.026324174841065535
0.1290462607982775
-1.0
-1.0
-1.0
0.33867570174255424
0.4303416738348368
0.5297495008390205
0.8274616743010095
1.0
0.8790117922326025
1.0
0.8514227342921935
-1.0
-1.0
-1.0
-1.0
-1.0
0.04608487178830256
-1.0
0.5623661232109889
-1.0
-1.0
0.2855408902591208
-1.0
-1.0
-1.0
0.12864813923877852
0.09787926748430106
-1.0
0.24096531856601958
-1.0
-1.0
-1.0
0.7411530545569016
-1.0
-1.0
-1.0
0.15107807705925955
0.06499518380612951
0.11801642456182145
0.10010898390542063
-1.0
-1.0
0.10636338968616232
-1.0
0.9802741795558102
0.10188025908833563
0.10654798859751645
0.06979732317701487
0.1128527308183282
0.11675712411654181
-1.0
-1.0
0.1838311252531546
0.3391042793436289
-1.0
-1.0
-1.0
-1.0
0.6133021617018157
-1.0
0.6093309642537468
0.9456084439696021
-1.0
-1.0
0.4108043317054179
0.29190695781013437
-1.0
-1.0
0.20818279740504297
-1.0
0.0811822205982239
-1.0
-1.0
0.9791543197328209
-1.0
-1.0
0.23843651769270022
-1.0
0.25271251203295325
-1.0
-1.0
-1.0
-1.0
-1.0
0.04620209978732832
0.3426292461775685
0.726785293174349
0.7078216637958964
-1.0
0.8076670659364059
-1.0
0.9061442820039213
0.5437832994658132
0.3964948376861335
0.2690289319655521
0.10229873028314097
0.2074017362683721
0.12864442781613397
-1.0
-1.0
0.32449975656038405
-1.0
-1.0
-1.0
-1.0
0.2595829313438016
-1.0
0.16653669859933715
0.4018243409933641
-1.0
0.838828636558017
0.6884257929524732
0.7499279083522835
-1.0
0.40179106113082896
0.38216314397096707
0.4075526354470175
-1.0
-1.0
0.39789818256077925
0.47394898420086073
0.4930531883380001
-1.0
-1.0
-1.0
-1.0
0.5644421261871487
-1.0
0.6349937153039154
0.8137820276617761
0.4336631878724441
0.3976916206320104
-1.0
0.6035960795932153
-1.0
-1.0
0.38350643048305705
0.37091748886597314
-1.0
-1.0
-1.0
0.15925332909856935
-1.0
-1.0
-1.0
-1.0
-1.0
0.43598362220265474
-1.0
0.40259152990840824
0.2845386231333584
0.3328334420432102
-1.0
-1.0
-1.0
0.26729980547219
0.44842894589720605
-1.0
0.547354056933416
-1.0
-1.0
-1.0
-1.0
0.8242428488303694
-1.0
-1.0
0.6760531867090486
0.27934530404786273
-1.0
-1.0
-1.0
-1.0
0.3224168100708099
-1.0
-1.0
0.44441817062252253
0.9013358700089208
0.7853210156200561
-1.0
0.34186103772231824
-1.0
0.16769787145753523
0.19463241129914777
-1.0
0.5189292745839568
0.4606459053683251
0.5746082983960773
-1.0
-1.0
0.5066665845437544
0.3984547904537409
0.283581179451551
0.2438696746815043
0.1567689894553111
0.07800531662946487
0.1436358883653811
-1.0
-1.0
-1.0
0.09604705161058597
0.3217888860626319
0.13761644052403438
-1.0
-1.0
-1.0
0.5743231601510205
1.0
0.2056336055318153
0.20792434602471283
0.20933151716326845
-1.0
-1.0
0.1602544610493354
-1.0
-1.0
-1.0
0.05839173841272133
-1.0
0.11891771240778458
0.08249972076354027
-1.0
0.301624543846392
-1.0
-1.0
-1.0
0.14996511098086326
0.5428071099001618
-1.0
0.8705132128576816
0.758347480190842
1.0
1.0
-1.0
0.23616703788800755
-1.0
0.09243997879214995
-1.0
-1.0
-1.0
-1.0
0.09020413156876918
-1.0
-1.0
0.017774246413079814
-1.0
-1.0
-1.0
-1.0
0.8380648241305325
0.9312511426264929
-1.0
0.1577615326659122
-1.0
-1.0
-1.0
0.09573966048997422
-1.0
0.07408126080551695
-1.0
-1.0
0.5468106798674027
-1.0
-1.0
-1.0
0.584212411172348
0.5195674518571591
0.7001216423360637
0.5482240692778328
-1.0
-1.0
0.44697237979328663
0.3687484822076382
0.6199920096592431
0.5949459934160163
0.5177997827344775
0.1387080405826827
-1.0
-1.0
-1.0
-1.0
-1.0
-1.0
0.30771114587956133
-1.0
-1.0
-1.0
-1.0
0.49136438539645766
0.9250505093357642
0.7911094278776983
0.6537538728547041
-1.0
-1.0
-1.0
-1.0
-1.0
-1.0
-1.0
-1.0
0.41388235074799207
0.25876066880115983
-1.0
0.1076353052802868
-1.0
-1.0
0.24685200791327389
-1.0
0.8308298659944263
-1.0
-1.0
0.7599600885337274
0.15192071715204764
0.19744492852275125
-1.0
0.6413878091528865
0.09505831677801674
-1.0
-1.0
0.23321295236205378
0.5137730849879599
0.7527259946434056
-1.0
-1.0
0.3612185379148575
-1.0
-1.0
0.37341728128899576
-1.0
0.7591867697457857
-1.0
0.12340918984228166
-1.0
0.3191026118381604
0.23125371771431114
0.3602740778452258
0.40055451091437266
-1.0
0.911599599940116
-1.0
0.7719312939930527
-1.0
-1.0
0.1407761161794521
0.29816536703302726
0.2283432254281539
0.2881175924537994
-1.0
-1.0
0.40304728243432886
0.15954117335442397
-1.0
-1.0
-1.0
0.11201623298393887
-1.0
0.05905275710396357
-1.0
-1.0
-1.0
-1.0
0.028060305078045886
0.017638790526785682
0.10302092040429718
0.2724524951983265
-1.0
0.26924067805125246
-1.0
1.0
0.5233573818327797
0.5113287925818678
-1.0
-1.0
-1.0
-1.0
-1.0
-1.0
-1.0
0.848298856008048
0.4186255747561811
0.26801210690938526
0.10857313000856746
0.3667204473800407
0.4934280906067195
-1.0
0.3035028461766715
-1.0
-1.0
-1.0
-1.0
-1.0
0.030609742252149245
0.077328138159123
0.11952612507735313
-1.0
-1.0
0.034194965196398676
-1.0
-1.0
-1.0
-1.0
-1.0
0.8752074115194891
0.6525983083982256
-1.0
-1.0
-1.0
-1.0
0.5261409223626344
-1.0
-1.0
0.6736287509642346
0.8275088274880917
-1.0
-1.0
-1.0
-1.0
-1.0
-1.0
-1.0
-1.0
0.38399613818070916
0.5323007270219123
-1.0
-1.0
0.6203013353918381
0.3607039832862293
-1.0
-1.0
0.24937561358919388
-1.0
0.3431343408103418
-1.0
-1.0
-1.0
0.40214527597691135
0.46490739406485604
-1.0
-1.0
-1.0
-1.0
-1.0
-1.0
-1.0
-1.0
-1.0
0.4130523970407861
0.9604108683688508
0.5819127011408595
0.5434844692047377
0.5403928870360711
0.34305977571941787
-1.0
0.6707264909009719
-1.0
-1.0
0.5373995446142851
0.5277642867708042
0.5588299274801941
0.5942213006266913
-1.0
0.6766556152760745
-1.0
-1.0
-1.0
0.17817624722062797
-1.0
-1.0
-1.0
0.1925133677096866
-1.0
0.8668078088269103
-1.0
0.32211359085379226
0.6443047787939415
-1.0
-1.0
-1.0
-1.0
0.6037073370820718
0.529943514030564
0.6039914835356504
0.16649083514340557
0.5812951357304057
0.7152687689653188
-1.0
-1.0
-1.0
-1.0
-1.0
-1.0
0.5380654818701562
0.7155902214238173
0.4581173033793656
-1.0
0.3956958535108849
-1.0
0.35462436004177855
-1.0
0.5442147449611616
0.5191506239730085
-1.0
-1.0
