0.0
-1.0
-1.0
0.13765750958630135
0.09106844416789181
-1.0
0.16713736914510682
0.2170804151576239
-1.0
0.2082871710835436
0.2593086633812448
-1.0
-1.0
0.42588984882197467
0.7644818377487655
0.5114951358042571
0.13949110578286353
-1.0
-1.0
0.5146802060182858
-1.0
-1.0
0.13536954048478056
-1.0
-1.0
0.22761405784304528
-1.0
-1.0
-1.0
0.17939281862507903
-1.0
-1.0
0.5151457961706487
-1.0
0.11702743448044653
-1.0
-1.0
0.545589459448585
-1.0
-1.0
-1.0
-1.0
-1.0
-1.0
-1.0
0.03628456990508584
-1.0
0.03393870015587284
-1.0
0.6620877305531878
-1.0
-1.0
-1.0
-1.0
0.10674826522693336
-1.0
0.11583308248609896
-1.0
0.12820177692804136
0.08697190721940842
0.10260691151690327
0.06599102759081783
0.06307835034252823
0.0975006264491302
-1.0
0.19114560656957424
-1.0
0.06320374073165744
0.5198440165462811
0.38600870412307914
0.3626660028412172
-1.0
0.048818242787564546
0.027999639892876814
0.15925807341590312
-1.0
-1.0
0.2639111374332365
0.41995694169233466
-1.0
-1.0
-1.0
-1.0
0.11376113883201282
-1.0
-1.0
0.1812580157536607
0.7870754191313928
0.7170144016607333
-1.0
-1.0
-1.0
0.22850437959485934
-1.0
0.7600985635774997
-1.0
-1.0
-1.0
0.2672235099860186
0.19437823525843786
-1.0
-1.0
-1.0
-1.0
-1.0
0.10848331674162959
0.4778721003586575
0.37114164109995856
-1.0
-1.0
-1.0
0.22942335395361688
0.38515078908756767
0.3883520326293637
-1.0
-1.0
-1.0
-1.0
0.5105904990749588
-1.0
-1.0
-1.0
-1.0
-1.0
-1.0
-1.0
0.05849084645647818
0.07888280711021807
0.15738319616137522
0.32223123850153224
-1.0
0.5930584957835672
0.12385372123239981
0.10304484213790818
-1.0
0.6257476982498401
0.5072420537103189
-1.0
0.14830960332384083
0.0885569467451564
-1.0
-1.0
0.12280767592894681
-1.0
0.1860762974447995
0.32491069619728963
0.15171490619282865
-1.0
0.22152215164850328
0.6000106459411602
0.14468478503104684
0.39103043364510487
1.0
-1.0
-1.0
-1.0
-1.0
-1.0
0.44213640562978973
-1.0
-1.0
0.048271611447241666
-1.0
-1.0
-1.0
0.0399325009723662
-1.0
0.23987118249323328
0.06292428462876395
-1.0
-1.0
0.06986299224249498
0.2662758557723517
-1.0
0.3936081008959897
0.2530465063774276
-1.0
-1.0
-1.0
-1.0
-1.0
-1.0
0.04509823531103669
0.09648343344312675
0.05514115143286805
-1.0
-1.0
-1.0
-1.0
-1.0
-1.0
0.23143998330477242
0.1321490336676205
0.27665901449049396
-1.0
-1.0
-1.0
-1.0
-1.0
-1.0
-1.0
0.298441003344297
-1.0
-1.0
-1.0
-1.0
-1.0
-1.0
0.4090852934444458
-1.0
-1.0
-1.0
0.34829594866286323
-1.0
-1.0
-1.0
0.05577728415106306
0.2506132203761176
-1.0
-1.0
-1.0
-1.0
-1.0
0.59489710717435
-1.0
-1.0
0.08621065664744289
0.23269373106989522
0.08995094574288583
-1.0
-1.0
0.35004821997021934
-1.0
0.31841281888757006
0.2451011063941518
0.2975834889153161
0.4000219441314014
0.1010886148416035
0.07975248032486902
0.2208087704279592
0.24924929529765985
0.27726589823587017
0.27764006633520416
-1.0
0.7966717780086237
-1.0
-1.0
0.2048227241681121
-1.0
-1.0
-1.0
-1.0
0.23434224480168692
0.2602218664594471
0.2516585233254849
-1.0
0.08076573513164378
0.15313515915907547
-1.0
-1.0
-1.0
-1.0
0.0829456920461147
-1.0
-1.0
-1.0
0.7568356954201664
-1.0
0.10084186642808209
0.12376441296455927
-1.0
0.07089769773482082
-1.0
-1.0
0.1413156645281238
-1.0
-1.0
-1.0
-1.0
-1.0
0.24675640072718882
-1.0
0.9291054332998943
0.29280532841411666
-1.0
0.27586214942340115
0.31877926741102425
-1.0
-1.0
0.337716794512023
-1.0
-1.0
-1.0
0.3298273732643305
0.642839023986138
0.8877098655463777
0.9784875229561587
-1.0
-1.0
-1.0
-1.0
0.6382740679538631
0.8555461943151313
-1.0
-1.0
-1.0
-1.0
-1.0
0.12844680470819692
-1.0
0.13228026605683918
0.1271827077204853
-1.0
-1.0
-1.0
0.6911671010570811
-1.0
-1.0
0.1870762993707784
-1.0
0.10287672086718865
-1.0
-1.0
0.058960116629016096
-1.0
-1.0
0.2729167290044753
-1.0
0.08455754399056253
0.03852729846290091
0.03887154199441504
0.0346823542062872
0.04165937979414939
-1.0
-1.0
-1.0
0.17369274302442633
-1.0
0.5191956576438006
-1.0
-1.0
-1.0
-1.0
0.2756458559786104
-1.0
-1.0
-1.0
-1.0
0.4680829361423784
-1.0
0.16103439703057956
0.0727912945388618
-1.0
-1.0
0.4489674501851226
-1.0
-1.0
-1.0
-1.0
-1.0
-1.0
0.30364317536612023
0.2696216325363402
0.26495932796481636
-1.0
0.13518258629771918
-1.0
0.15217058905116365
-1.0
0.08184889315922887
0.07408387919568361
-1.0
-1.0
-1.0
-1.0
0.3848814958000402
-1.0
-1.0
-1.0
-1.0
-1.0
-1.0
-1.0
0.4366151077996985
0.5027948404087418
-1.0
0.758238854557648
0.802980999751628
-1.0
-1.0
0.15623297842925113
0.1474704763657947
-1.0
0.09623029718929775
0.41330370466039157
-1.0
0.14991964722538398
-1.0
-1.0
-1.0
-1.0
0.17900916882279164
-1.0
-1.0
-1.0
-1.0
-1.0
0.05407977925360004
0.14079413621941592
0.15189551442531526
0.8238941340183227
0.8561128676964879
-1.0
-1.0
-1.0
-1.0
0.13566248393786492
0.1529564695703853
-1.0
0.11573612594866003
-1.0
-1.0
0.2504684238351933
0.305403514611624
0.10570198280562919
-1.0
-1.0
0.5194245115499838
-1.0
0.17037222259719653
-1.0
0.592191461339842
-1.0
0.10804936165071195
-1.0
-1.0
0.02828593336056582
0.03649230147419121
0.45686992093766554
-1.0
-1.0
0.23307308789282888
0.2531264307959393
0.24802023704621196
-1.0
0.2580509922149115
0.33844602628462034
-1.0
0.5161998432955197
-1.0
0.1401111452103493
-1.0
0.09211808749412122
0.06391364568150591
-1.0
-1.0
0.1532120230542296
0.2197053107362025
-1.0
0.19227735703273535
-1.0
-1.0
-1.0
0.396804977560636
0.689662663295325
0.16501261744282905
-1.0
0.06626178796837619
-1.0
-1.0
-1.0
0.13802482142534503
-1.0
-1.0
0.07115493475646752
-1.0
0.04609789946594045
-1.0
-1.0
-1.0
0.4777563027422005
-1.0
-1.0
0.32649367581909317
-1.0
-1.0
0.21764011131636607
0.4550047208785815
-1.0
-1.0
-1.0
-1.0
-1.0
0.17170635086877983
-1.0
-1.0
-1.0
0.34089039790224857
0.4643638075573852
0.28681459817565685
0.24834182332501772
0.2267110835820455
0.2947955563129139
0.289744527119948
0.3135236348862233
0.2797781359432674
0.21256171836317253
0.2835159107981055
-1.0
0.17813724140318865
0.2137339502087252
-1.0
0.3324968170766178
-1.0
-1.0
0.24683345342036683
0.42844912252003536
-1.0
-1.0
0.1996184156806092
-1.0
-1.0
0.1951948508865202
0.23973525468711623
0.3336276683311894
0.2668034044384809
-1.0
-1.0
-1.0
-1.0
-1.0
-1.0
-1.0
-1.0
0.26622342462238324
-1.0
-1.0
-1.0
-1.0
-1.0
0.10836197187993597
0.09632442393919192
-1.0
0.8886190181439997
0.6333042308993588
-1.0
0.11952392836186847
0.09679182441423888
-1.0
-1.0
0.3030016625971767
0.5470277437636607
0.49273960428941416
-1.0
-1.0
0.047210105833730476
0.22903943194930276
-1.0
0.6902271924823767
0.698528108264585
-1.0
-1.0
0.0760526088986613
0.1277474621952654
0.09033935280697458
0.2235967675629607
-1.0
0.6693987931444341
-1.0
-1.0
0.3169612318353272
0.32572798189504565
0.25781059096779724
0.2861400030430374
-1.0
-1.0
0.41840180790424064
0.26110397417938286
-1.0
-1.0
0.1775823010677288
-1.0
-1.0
-1.0
-1.0
-1.0
-1.0
-1.0
-1.0
0.11407435782659434
0.3734644764843063
0.38163384504938247
-1.0
0.35065766123290376
0.3639013496835138
-1.0
0.38185807289594925
0.3044897030489797
0.18796801627708
0.4027047112526264
-1.0
-1.0
-1.0
0.2636721971118108
0.42556782232282486
0.3118308469450876
0.21372237792455895
-1.0
0.2878328894779164
-1.0
-1.0
0.22982849583006013
-1.0
-1.0
0.3627425140033079
-1.0
-1.0
0.13208029285166423
0.5069078513434462
0.3931342444006505
0.42401866755640716
-1.0
-1.0
0.059603903373984045
-1.0
-1.0
0.2546980087619332
0.050567564769148435
-1.0
0.0479165120214781
0.18561530043797
0.20728390277989567
-1.0
0.361375407017317
-1.0
0.753859955046615
0.4366535850644795
-1.0
0.4047143680503751
-1.0
-1.0
0.5073869926090073
-1.0
-1.0
-1.0
0.13766558100822796
0.08645195552176885
-1.0
-1.0
0.06987966526120487
-1.0
-1.0
0.1916430554619716
-1.0
0.16642068382078656
-1.0
-1.0
0.07357466501222948
-1.0
-1.0
-1.0
-1.0
0.23694808382322746
-1.0
0.43683366753791164
0.25024474721917955
0.6218528842012371
-1.0
-1.0
-1.0
0.7406380201021544
-1.0
0.4189350462205456
0.14383905576362208
0.09133316334842598
0.052034895877730344
0.09852866318019292
0.15422501083818896
0.1779271133879539
-1.0
-1.0
0.1384684555563491
-1.0
-1.0
-1.0
-1.0
-1.0
0.13165036051715168
0.12143648653849175
-1.0
-1.0
-1.0
0.03956943385100661
-1.0
-1.0
0.3081561596408148
0.4203446830853653
0.42036467897523855
-1.0
0.3596295218532063
0.4735045802433468
0.3834857200565575
-1.0
0.6181453662002997
0.37239569204099787
-1.0
-1.0
-1.0
-1.0
0.0898541320020132
0.21568632524306483
0.2065310833980172
-1.0
-1.0
0.14767171874879037
-1.0
-1.0
-1.0
-1.0
-1.0
-1.0
-1.0
0.11045255831070741
-1.0
1.0
-1.0
1.0
1.0
-1.0
1.0
0.23214881726381834
-1.0
0.2637308578357044
-1.0
0.28333604093653403
0.44292561236149797
0.1393859871161876
0.1034091792936843
0.2613729729587178
-1.0
0.259181404373311
0.3293589128929217
-1.0
-1.0
-1.0
-1.0
-1.0
-1.0
-1.0
-1.0
0.4004123514729383
-1.0
-1.0
0.5326393253115648
-1.0
0.8161689565206401
0.7388898225358449
-1.0
0.8941366573824229
0.8825152145608149
-1.0
-1.0
0.3977306353925154
-1.0
-1.0
-1.0
-1.0
-1.0
0.8228894963434893
0.7760941064827739
-1.0
0.46047818919354333
0.3822288603662548
0.140082314822401
0.14199920962517415
0.3548950335002069
0.454209282458396
-1.0
0.7477837443417953
-1.0
0.5880708500260751
0.41224600185866767
0.6288071609682893
0.6326660597960095
0.28820987331932085
-1.0
0.2548350131310154
0.32792149581803315
0.3997068920809398
0.6333473426773597
0.7035458569808797
-1.0
0.728277333993083
-1.0
-1.0
0.5402025615324109
-1.0
-1.0
-1.0
0.15570271788976334
0.389792710878997
-1.0
-1.0
-1.0
-1.0
-1.0
-1.0
0.17456781356985046
-1.0
0.2681303984637063
0.22274626480602916
0.6517242789376848
0.5162810280152585
-1.0
-1.0
-1.0
-1.0
0.5225077702404896
0.44719081101719016
0.27830894545476337
-1.0
0.5055192898825188
-1.0
-1.0
-1.0
-1.0
0.2631029425163006
0.4443489646076435
-1.0
0.43755939190502235
1.0
-1.0
-1.0
-1.0
0.4113874057365031
-1.0
-1.0
-1.0
0.47910784445196364
-1.0
-1.0
-1.0
0.7305024504510371
0.8491855448468253
-1.0
-1.0
0.11640487376458203
-1.0
0.17265543071438585
-1.0
-1.0
-1.0
0.13701478736969985
-1.0
-1.0
-1.0
0.14277427021164574
-1.0
-1.0
0.6072065200421818
0.2754288755666894
0.12110318471082873
0.032428826648270764
0.029194228934527264
-1.0
-1.0
0.39178264538236407
-1.0
-1.0
-1.0
-1.0
-1.0
-1.0
-1.0
-1.0
-1.0
-1.0
-1.0
-1.0
-1.0
-1.0
-1.0
0.0976519977366212
-1.0
-1.0
-1.0
-1.0
-1.0
-1.0
-1.0
-1.0
-1.0
-1.0
0.8321567181285848
-1.0
-1.0
0.1969481642841081
0.10319021179864524
0.12032742186133825
0.060602131282073556
-1.0
1.0
-1.0
0.20429443699340932
-1.0
0.0859070532360006
0.09121778956875146
0.026006220698063364
0.03156831232470968
0.5046051030901412
0.80288854745015
-1.0
0.22610259150308493
0.25931829786703164
0.019888516094765895
-1.0
-1.0
0.119140049749083
0.13650701301007392
-1.0
-1.0
-1.0
0.09989506692076344
0.15018662070713767
0.4546157226421205
0.5515179729573993
-1.0
-1.0
-1.0
-1.0
0.32880216895033687
-1.0
-1.0
0.46016874528773394
-1.0
-1.0
-1.0
-1.0
-1.0
-1.0
-1.0
-1.0
0.7270401116639005
-1.0
-1.0
-1.0
-1.0
0.42148614609569857
0.7113359973777325
-1.0
0.40089954987346177
0.4771334353576631
-1.0
0.545684644263196
0.5659602712279873
-1.0
-1.0
0.0732449467887972
0.1392830175735155
0.05598398618046122
0.27812231632958695
-1.0
-1.0
-1.0
-1.0
-1.0
0.2622016698934685
-1.0
-1.0
-1.0
-1.0
-1.0
-1.0
-1.0
0.17457078107521176
0.14144806672230903
-1.0
-1.0
-1.0
-1.0
-1.0
-1.0
-1.0
-1.0
0.6930057379317062
-1.0
0.6168995858560146
1.0
-1.0
-1.0
0.7112346442677088
-1.0
-1.0
0.4627977234939635
-1.0
-1.0
0.45654996316512647
-1.0
-1.0
0.3285832192225958
0.7273477400657611
0.5248872061714076
-1.0
-1.0
1.0
-1.0
-1.0
0.2723606742771386
0.19009899412998224
0.13935399722323968
0.17937359896172803
-1.0
0.6545075017194564
0.9802193819526275
-1.0
0.40687521176465563
-1.0
0.1528571963323475
0.11563379454548765
0.29685778615313885
-1.0
-1.0
1.0
0.927970438456716
-1.0
-1.0
0.4756615044167436
-1.0
-1.0
0.4664551953298876
-1.0
-1.0
-1.0
0.6181994360568154
-1.0
0.0750139294866133
0.12588667166795967
0.070899395294399
0.06971447669495584
-1.0
-1.0
1.0
-1.0
0.5297688153629986
-1.0
-1.0
-1.0
0.946849388102887
0.7896119730621027
-1.0
-1.0
-1.0
-1.0
0.6075210686831743
0.832441653202917
-1.0
0.4375177033491187
-1.0
-1.0
0.23758305103610908
-1.0
-1.0
-1.0
-1.0
0.2195960421073127
0.27995126432604145
0.18201830113835046
0.37237540875880043
0.505281331025411
-1.0
-1.0
-1.0
-1.0
-1.0
0.19568894756844138
-1.0
0.18794071295362405
0.21366923420286663
0.3993871085820627
-1.0
1.0
-1.0
-1.0
0.8370432488817463
-1.0
-1.0
0.9874597892978905
-1.0
0.06799055736309602
-1.0
0.042650028374986486
0.03462016599751788
-1.0
0.04573685835332836
0.3281948796690509
0.5417700857122747
-1.0
-1.0
0.14503773148254046
-1.0
-1.0
1.0
-1.0
-1.0
0.23719263592857942
-1.0
0.12849738733157842
0.06592700303182465
-1.0
-1.0
0.18532992344610213
-1.0
-1.0
0.37447927546689797
-1.0
0.17763879832434992
0.5270149454509587
0.4062353504885779
0.4965153321609106
0.43030782287370767
0.8324184170891262
-1.0
0.8618662710418614
1.0
-1.0
-1.0
-1.0
-1.0
-1.0
-1.0
0.16224819121437253
0.7709292169766854
-1.0
0.8671196965508475
0.2941697051314492
-1.0
-1.0
0.10277978236938032
0.06577454862388865
-1.0
-1.0
-1.0
0.7134864009892781
0.6510381051945587
-1.0
-1.0
0.08077341883083745
0.06723230804221635
-1.0
-1.0
-1.0
-1.0
0.19758028387755713
-1.0
0.2053655782146672
0.5181260829644162
0.7517684855983153
-1.0
0.9837739343923458
-1.0
-1.0
0.12162364708358409
-1.0
0.048348811190795864
0.1118394450158337
-1.0
0.23222637634456583
0.11392808718732758
-1.0
0.6635170877425723
0.8679401812085383
0.1385403146875666
-1.0
-1.0
0.14934275962908364
0.09055957635615862
-1.0
-1.0
-1.0
0.289802172807291
0.17282476634461919
-1.0
-1.0
-1.0
1.0
-1.0
-1.0
-1.0
0.2512948527243968
-1.0
-1.0
0.2415483753636668
0.14576509136347834
0.19390714939950543
-1.0
-1.0
-1.0
-1.0
-1.0
-1.0
-1.0
-1.0
0.17491859680675415
-1.0
0.12119546062080701
0.08022515940077203
1.0
-1.0
-1.0
-1.0
-1.0
-1.0
0.23999072896705717
0.3205118499030348
0.9169490160715419
0.8047214257960561
0.2072985301750683
-1.0
-1.0
0.132724782882608
0.17622599328482183
0.19212216169695717
-1.0
0.3556672339300989
-1.0
0.6519354404668799
-1.0
-1.0
-1.0
-1.0
-1.0
-1.0
-1.0
0.056006182615504184
-1.0
0.08410880470493014
0.04669996191257233
0.10883028184172672
0.04045579457149395
-1.0
-1.0
0.19173969278146097
-1.0
0.22150763151936226
0.060676094914015044
0.0789461468340077
-1.0
1.0
0.4217046982859206
-1.0
1.0
1.0
-1.0
-1.0
0.8412166078108843
-1.0
-1.0
-1.0
0.0840874869220709
-1.0
-1.0
-1.0
0.3131667712182339
0.834028316118913
-1.0
-1.0
-1.0
-1.0
-1.0
-1.0
-1.0
0.057160767514824844
-1.0
0.09721361422597809
0.11929164890524546
0.1505355894921398
0.2701712957315297
-1.0
-1.0
-1.0
-1.0
-1.0
-1.0
-1.0
-1.0
-1.0
-1.0
0.3733200367100381
-1.0
-1.0
-1.0
-1.0
-1.0
-1.0
0.29194126676939214
0.284124879070814
1.0
0.38518624590912165
-1.0
-1.0
-1.0
0.15313554006794203
-1.0
0.16486704056596946
-1.0
0.06226748504333881
-1.0
0.6913481519712055
0.14907896947011576
-1.0
-1.0
-1.0
-1.0
-1.0
-1.0
0.16743468170648992
-1.0
0.22063852654229982
-1.0
0.30401017459142154
0.2684309247558277
-1.0
-1.0
0.6016550751355211
-1.0
0.405974454247689
0.3531876284969751
-1.0
-1.0
0.6964080486789481
1.0
0.26472986842041907
-1.0
-1.0
-1.0
-1.0
-1.0
-1.0
-1.0
-1.0
0.06379402304391098
-1.0
-1.0
0.46576887566297537
-1.0
-1.0
0.8049370326748206
0.9127229612881884
-1.0
1.0
0.8251470939749936
1.0
-1.0
0.11146108453577215
-1.0
0.06709112921541927
0.11075226613107884
0.03787974322729989
0.07728735624747
0.01659724905497188
0.027563573863670816
0.088174815200459
-1.0
-1.0
-1.0
0.10787246555232208
-1.0
-1.0
-1.0
-1.0
-1.0
0.1713073206031026
-1.0
-1.0
-1.0
-1.0
-1.0
-1.0
-1.0
-1.0
-1.0
-1.0
-1.0
-1.0
0.6987486709573039
0.4647042034261126
-1.0
-1.0
0.2778280716469774
0.47845731450080403
1.0
0.10634769848541953
-1.0
0.24077520648360426
0.5410371737982604
-1.0
-1.0
0.5109014297079937
0.6733507326493129
-1.0
-1.0
-1.0
-1.0
-1.0
-1.0
-1.0
-1.0
-1.0
0.25384816995360426
-1.0
0.7786564761739757
-1.0
0.031490841344713735
0.023402301116000286
-1.0
-1.0
0.032232642579120556
-1.0
-1.0
-1.0
-1.0
-1.0
-1.0
0.12471980649128861
-1.0
-1.0
-1.0
-1.0
-1.0
0.23824196905067252
0.9535948086330406
0.6889916506281595
1.0
-1.0
0.020889403673708905
0.01786961776376311
0.053402173013600104
0.07207833367113278
-1.0
0.1801122262048691
0.2388177496293253
-1.0
-1.0
-1.0
0.7202969699456359
-1.0
-1.0
-1.0
-1.0
0.18110469133622528
-1.0
0.04696175933122267
-1.0
-1.0
0.0928625335921848
-1.0
0.18428151776003182
0.26161034849266124
0.8745568705764425
-1.0
-1.0
0.039769042178078765
-1.0
-1.0
-1.0
-1.0
-1.0
-1.0
-1.0
0.11544163752739757
-1.0
-1.0
-1.0
-1.0
-1.0
-1.0
-1.0
-1.0
-1.0
0.9924777861663147
-1.0
-1.0
-1.0
0.7959376872948214
1.0
0.30183181885808025
0.3322015839707316
-1.0
0.08800749599235448
-1.0
-1.0
-1.0
-1.0
1.0
-1.0
-1.0
0.09108575884490987
0.04207218712595581
-1.0
0.5161084028949681
0.560644553512618
-1.0
1.0
0.7080499499088652
0.998617657782779
0.8984550847445166
1.0
-1.0
-1.0
-1.0
0.4904714432320288
0.3584699911686585
1.0
-1.0
0.08906296556712079
0.07847057645740203
0.08400809359930544
-1.0
-1.0
-1.0
0.11332101371056563
0.2300602818912777
0.0599019726414243
-1.0
-1.0
-1.0
0.1147208565940922
0.13847043348902277
0.08609750906747099
0.12925178817145785
0.13557210488536367
-1.0
-1.0
0.2900269852458861
-1.0
-1.0
-1.0
0.04713334016799769
-1.0
0.21390549650608454
-1.0
-1.0
0.17818317314543508
-1.0
-1.0
-1.0
-1.0
-1.0
0.10596034668848128
0.34908978528735696
-1.0
0.39694819056900693
-1.0
0.5867774361278977
1.0
-1.0
-1.0
0.25727631706810605
-1.0
-1.0
-1.0
-1.0
0.3310638601521255
-1.0
-1.0
-1.0
-1.0
-1.0
0.35371866335534513
0.4578476940455246
-1.0
-1.0
0.8582382342186266
-1.0
-1.0
-1.0
-1.0
-1.0
1.0
-1.0
-1.0
0.8710582094639412
-1.0
0.6117967435003948
-1.0
0.5593419828585369
0.15355403437645196
0.033391515814553144
0.36562143199500663
0.02298783715183624
-1.0
-1.0
0.06143930467125544
0.0969558149141918
0.12885210660140786
0.3765001096017333
0.08730871601834167
-1.0
-1.0
-1.0
-1.0
-1.0
-1.0
0.49435978671637215
-1.0
0.9601396178179632
-1.0
1.0
1.0
-1.0
0.026538748488914427
0.06847289012529528
0.08700645875223023
0.11761020088719662
0.0802192258942871
-1.0
-1.0
-1.0
-1.0
0.14828621064192857
0.8052763469167232
-1.0
-1.0
0.059445954173426116
-1.0
-1.0
0.25696245563236697
-1.0
0.0724941434006766
-1.0
0.37955266555503286
0.3551745791625271
0.2690958305441193
0.08005155752768589
-1.0
0.1249693308899996
-1.0
-1.0
0.3179745471468548
-1.0
-1.0
1.0
-1.0
-1.0
0.5052852837585501
-1.0
-1.0
0.1128863515874797
-1.0
0.017369101270289986
-1.0
-1.0
-1.0
0.08840362319738261
-1.0
0.07243933804223632
0.2156444960304252
0.08591185219730782
0.22797896155705244
-1.0
-1.0
0.8421606018959841
0.6538401410121905
-1.0
0.08377762240536189
0.02530562655006926
0.02325383462470356
0.12468933997439997
-1.0
-1.0
-1.0
-1.0
-1.0
-1.0
0.2970510519597673
1.0
0.8043560342446272
-1.0
0.7571701028468444
-1.0
-1.0
-1.0
0.046638666332329555
0.636123065303778
0.5486665175699483
0.03427563705310881
-1.0
-1.0
0.03232004726681673
-1.0
0.14095414964293537
-1.0
-1.0
-1.0
-1.0
-1.0
-1.0
-1.0
-1.0
0.07457725286332437
-1.0
0.14834622166286238
0.12416190245334166
-1.0
-1.0
-1.0
0.20470249183508069
0.06265421811914432
-1.0
-1.0
0.6319440585413226
-1.0
0.3339080780530184
0.4531673316875172
0.49434726252953637
-1.0
0.5974261277592958
0.6716367529481787
-1.0
-1.0
-1.0
-1.0
0.2574173259242789
-1.0
-1.0
-1.0
-1.0
-1.0
0.5835435129200892
-1.0
-1.0
1.0
1.0
-1.0
-1.0
0.06530777618300099
-1.0
-1.0
0.10383990790929118
-1.0
-1.0
-1.0
0.9216975259400122
-1.0
0.908476953134746
0.8935639733734172
0.031144417455570683
0.06211975145220632
-1.0
0.029879365633806543
-1.0
1.0
-1.0
0.20416074349716337
0.19437701280772005
0.4069954900819396
0.7067204461578024
-1.0
-1.0
-1.0
-1.0
-1.0
1.0
-1.0
-1.0
-1.0
0.5492388997148168
0.26731815439778095
0.06615112326155503
0.4830153416581281
0.1448606436893731
0.043925498038868964
-1.0
-1.0
0.4613455081854902
-1.0
0.8899535567880746
-1.0
0.5790470812877129
0.5335251818365612
-1.0
0.45059824407664345
-1.0
-1.0
-1.0
0.47171613035569815
0.6997559464552002
-1.0
-1.0
0.48946930721825954
-1.0
0.6009020416050065
-1.0
0.1154258261922015
0.09451602899728347
0.4313208868786998
-1.0
-1.0
-1.0
