-1.0
-1.0
-1.0
0.5759002519888988
0.7712509791035485
-1.0
-1.0
-1.0
-1.0
0.0627155153409911
0.0909018147709841
-1.0
-1.0
0.17721503803769545
0.10395613553884722
0.10449508980537588
-1.0
0.3715776339208299
0.2200240070785423
0.24564497126994977
0.6807510494808089
-1.0
-1.0
-1.0
0.3806474659882032
0.026872842439025112
0.05828871314113186
0.02252140591305272
0.05869457529189234
-1.0
-1.0
0.567032717814852
1.0
-1.0
0.07237639445017781
0.05358966363049822
0.05308701369694135
0.18559969657281228
-1.0
0.446636321870942
-1.0
-1.0
-1.0
0.07524513479414045
-1.0
0.38139043436683995
0.9027617923128107
0.8701481508814138
-1.0
0.7563216241340937
0.3498164527047238
-1.0
0.0158734407841707
0.01573224940516985
-1.0
-1.0
-1.0
-1.0
-1.0
-1.0
-1.0
-1.0
-1.0
-1.0
0.29530335459629964
0.17847905128527614
-1.0
0.22946058176860742
-1.0
-1.0
-1.0
-1.0
-1.0
-1.0
-1.0
0.06449473992176466
-1.0
-1.0
-1.0
0.3619175730351734
0.33937109366754553
-1.0
-1.0
0.4514951738496636
0.3314792043214402
-1.0
-1.0
-1.0
-1.0
0.09811167490460795
0.04052000319304055
0.34385712009304237
0.9249290242292412
0.4679286856426823
-1.0
0.5534943023925584
-1.0
0.6538092794578291
-1.0
0.40209252664955797
0.6789223923496497
-1.0
0.2910296644615132
0.24974997996663595
0.07104606531341762
0.17976107599914676
0.10379280287634203
-1.0
0.04013549155882088
0.03530700123346094
-1.0
0.48222914211147344
0.9925565832763018
1.0
-1.0
-1.0
0.12854836698036368
-1.0
-1.0
-1.0
-1.0
-1.0
-1.0
-1.0
0.24065078575066742
0.7339391029846132
-1.0
-1.0
0.33353509790594177
0.4795699075202088
0.67677774861149
0.6295481638423248
-1.0
-1.0
-1.0
0.2686761396471795
0.5249124133742977
-1.0
-1.0
0.44178745471434033
-1.0
-1.0
-1.0
0.4911738491191639
0.7865432374296103
0.43722083316497906
0.6242007333638807
0.42711835491170547
-1.0
0.3489967218443649
0.3606192092079297
0.21824294334758107
-1.0
0.37262615923366255
0.3948629137409819
0.5355995772796208
0.5160851165303951
0.7504517839987452
-1.0
-1.0
-1.0
-1.0
-1.0
0.6474859370980093
-1.0
0.39246880450023586
0.37749491472537655
-1.0
-1.0
0.36757274661482603
0.4969695442968648
0.38879625695689746
0.20779248742114834
-1.0
-1.0
-1.0
-1.0
-1.0
-1.0
-1.0
-1.0
-1.0
-1.0
0.4907202717908167
0.31404408498024805
0.21912868870282193
0.267918981375209
-1.0
-1.0
-1.0
-1.0
-1.0
-1.0
-1.0
0.2225315829846684
0.2656796720565128
0.11119024049018009
0.20399916323985118
-1.0
-1.0
0.24698557405526747
-1.0
-1.0
-1.0
0.15031068091205904
0.13646976939905908
0.0859791281218312
-1.0
-1.0
0.3463097845410402
-1.0
-1.0
0.1765501262090892
-1.0
-1.0
-1.0
0.34084500944561474
-1.0
-1.0
-1.0
-1.0
-1.0
0.3635054458227201
0.5819900741978205
0.5610577943346269
-1.0
-1.0
-1.0
-1.0
0.26534724450330854
-1.0
-1.0
-1.0
0.08951718440319388
-1.0
-1.0
-1.0
0.3758356637029676
-1.0
-1.0
-1.0
-1.0
-1.0
-1.0
0.48304896963166605
-1.0
0.6963202769531618
1.0
1.0
0.2646340729134332
-1.0
0.07338615795347628
0.08310627368404705
-1.0
0.08931339942214357
-1.0
0.07743297217261817
0.06475782661331698
0.030355972461692228
0.036791173819871494
0.08492606989940527
1.0
-1.0
-1.0
0.09577586734370129
-1.0
-1.0
0.07967192586991761
0.14571023961908025
-1.0
-1.0
0.9470840674640242
1.0
-1.0
0.09154752274204038
-1.0
-1.0
0.11597418935371387
-1.0
-1.0
0.06616471787084899
0.5078348314968347
1.0
0.6304013890829436
0.6220983027560231
-1.0
1.0
-1.0
-1.0
-1.0
-1.0
-1.0
-1.0
0.2934889801072042
0.5791262702145868
0.5717750276191687
0.7253459720391864
-1.0
-1.0
-1.0
-1.0
-1.0
-1.0
-1.0
0.023597679595346633
-1.0
-1.0
-1.0
-1.0
-1.0
0.41478432025354195
0.49682057323518725
-1.0
-1.0
-1.0
0.3631566795755982
0.22985956267914076
-1.0
0.11794145197660831
0.09778613335812854
0.1203631293088095
-1.0
-1.0
0.2775357554970101
-1.0
-1.0
0.453784911073026
0.7744595403185817
0.4870303701504459
0.4204778764207446
0.3373175874343607
-1.0
-1.0
-1.0
0.5497709801786828
-1.0
-1.0
0.0452235940803155
0.13864812735779775
0.22992740640744494
0.30368851417970283
-1.0
-1.0
0.0926432958139843
0.678801715182663
0.7755744246248721
-1.0
0.3607430646617169
-1.0
-1.0
0.3064748393405771
0.25615458361666466
-1.0
-1.0
0.43295995943617793
-1.0
-1.0
-1.0
0.09688769471866734
-1.0
-1.0
0.4255213435482549
-1.0
0.5645317515250403
0.8127786496427921
1.0
-1.0
-1.0
-1.0
0.5867890611897351
-1.0
-1.0
-1.0
-1.0
-1.0
0.33397013158053424
0.1991020863823497
0.31537825183069945
-1.0
0.6351066387739246
-1.0
0.5043181500213137
0.7565358791650999
0.6288704495559894
0.750197441151151
-1.0
-1.0
0.42471108560060894
-1.0
0.38368386753732125
0.4301522342820351
0.37417616233524276
-1.0
-1.0
0.17793939500046632
-1.0
0.2875652659150905
-1.0
-1.0
-1.0
-1.0
-1.0
-1.0
-1.0
-1.0
0.744989585732392
-1.0
0.234879037382486
0.3508606334139486
0.32726347615666773
-1.0
-1.0
0.4056721943042768
0.39206782723210837
-1.0
-1.0
-1.0
-1.0
-1.0
-1.0
0.4416104887497731
-1.0
0.2626619063220824
0.3194445438300892
-1.0
-1.0
-1.0
-1.0
-1.0
-1.0
-1.0
0.06445449171426879
-1.0
0.15845000128790326
-1.0
-1.0
0.031141793104608156
0.2510652019877262
0.5939932591481525
0.8821374071344064
-1.0
0.5924002508600362
0.6729635383594902
0.838567880526198
0.943305674333984
-1.0
-1.0
0.5683890345391037
1.0
-1.0
0.36444148088536993
0.4898425568143334
-1.0
0.22977565954871323
-1.0
-1.0
0.09494062769165805
0.09130946417429817
0.1194009834506168
0.2058417494334452
-1.0
-1.0
-1.0
0.20192386120503672
0.19231314200795804
-1.0
-1.0
-1.0
0.49000946069453977
-1.0
-1.0
0.05461403067871249
-1.0
-1.0
0.21727962211052573
0.48740383755107614
-1.0
-1.0
-1.0
-1.0
-1.0
0.07450826455163935
-1.0
-1.0
-1.0
0.4119104015817708
0.3417232924283773
-1.0
0.22872138039744092
-1.0
0.4235102221683658
1.0
0.9155864109441908
1.0
0.8492773408297065
1.0
-1.0
-1.0
-1.0
0.01586067169689872
-1.0
0.024960067823419804
-1.0
0.13322298337150354
0.09438040527116535
0.015461045568528469
-1.0
0.04149979340255747
0.1723446276172485
1.0
0.28623206530363254
0.29825816906959324
1.0
0.5195653807375439
-1.0
-1.0
0.19490499396551508
0.15784397737859496
-1.0
0.1396680958220559
0.16912552964618094
0.5053107199118502
0.11648527983483546
0.09820170719530008
0.07418212143192683
-1.0
-1.0
-1.0
0.41294776320315385
-1.0
0.6602966414132793
0.554384517088647
-1.0
-1.0
-1.0
0.412868260963186
0.34384594731568885
-1.0
-1.0
0.21090746022614273
0.22894687147234408
-1.0
-1.0
0.1529287028382167
-1.0
-1.0
-1.0
-1.0
0.06890232751656926
0.6285899542618074
0.29955844269451626
-1.0
0.22579992377334393
-1.0
-1.0
-1.0
-1.0
-1.0
0.6119047806848055
-1.0
0.6327016721980112
0.5731959130590848
0.45750767241596696
0.5336130241589414
0.4500555756106606
-1.0
-1.0
0.2979287284686507
0.16131971685291902
-1.0
-1.0
0.16163414631902978
-1.0
-1.0
-1.0
0.18387088867340068
0.24224777601366485
-1.0
-1.0
-1.0
-1.0
0.3070522517638033
-1.0
1.0
0.6156937725130539
-1.0
0.19257066272457976
-1.0
0.18301414960179738
0.11478453363536734
-1.0
-1.0
-1.0
-1.0
0.1381364383592311
0.09143381471928307
0.5174459797871311
-1.0
-1.0
-1.0
-1.0
0.15572788043710348
0.9705795489086951
0.6948190557771257
0.4999442563232701
1.0
0.6526720416857595
-1.0
1.0
-1.0
0.06254289358349925
-1.0
0.02766657767031449
0.19405229625319742
0.3888125510942906
-1.0
-1.0
0.0144346698444374
0.11381328962844486
0.17984039183852624
0.03320338011910024
-1.0
-1.0
0.013990097997834447
-1.0
-1.0
0.3918368932852314
0.4306306734843588
-1.0
0.19566682829962245
0.4103196565489577
0.4024854634817028
-1.0
1.0
0.17425758787872572
0.13688027473628472
0.11990063326758595
0.20927407790534672
0.2918699798260672
-1.0
-1.0
-1.0
0.4281671145913119
0.4438336018365661
-1.0
0.43988347507802367
0.09925968347361024
0.07867570730615356
-1.0
0.07205132596612134
-1.0
-1.0
0.018409348209368962
-1.0
0.1331556809538279
-1.0
-1.0
0.034268215147587704
-1.0
-1.0
-1.0
0.885483776297998
0.8211486453863077
-1.0
-1.0
0.06448788236053803
0.07664654917942407
-1.0
-1.0
-1.0
-1.0
-1.0
0.09317694807626371
-1.0
-1.0
0.4992692327800733
0.3366917012947111
-1.0
-1.0
-1.0
0.6057693622087759
0.6017339314062916
-1.0
-1.0
-1.0
-1.0
-1.0
0.5938846342983832
0.3516075396031822
0.17877447874279312
0.3298932704311802
0.3320476039731518
-1.0
-1.0
0.40133995783529985
0.5637470526559701
0.8288102392246056
0.8493111652753348
-1.0
0.13506019591314344
0.13171750107061783
0.11993730852364602
-1.0
0.19271889697031594
0.33860873847692585
-1.0
-1.0
-1.0
-1.0
0.020116834190156575
0.08772861725363346
0.06376328110462287
0.1520587685164594
-1.0
0.26760620884461617
0.36385689113062974
1.0
0.9303199582500767
-1.0
-1.0
-1.0
-1.0
-1.0
-1.0
-1.0
-1.0
0.3900430998485586
-1.0
-1.0
0.10805467275097368
-1.0
-1.0
0.3702188830347162
-1.0
-1.0
0.05427428763072345
-1.0
-1.0
-1.0
0.04216205338203147
0.6256760987742341
0.5595485957492738
-1.0
-1.0
-1.0
-1.0
-1.0
-1.0
-1.0
-1.0
0.46017048785108866
0.9795716813575138
-1.0
-1.0
-1.0
-1.0
0.25451871441155316
-1.0
-1.0
0.5010603927194033
-1.0
-1.0
-1.0
-1.0
-1.0
-1.0
0.5889447966732198
-1.0
0.5251204991783124
0.34763822234029196
0.43188519087820665
0.44010152825331567
0.10878020461279847
0.05905961560332165
0.05937081966680521
0.2828813095940122
-1.0
0.5478095003786142
-1.0
0.5288290733153963
-1.0
0.611745498494424
-1.0
-1.0
0.5111916053475992
1.0
-1.0
0.06864810129999027
-1.0
-1.0
0.08109045369997195
-1.0
0.11416134427923764
0.06420084989359236
-1.0
0.1850911827915801
0.16877233286099347
1.0
0.16949497920416423
0.14429978053489895
-1.0
-1.0
0.7346097286848725
-1.0
-1.0
-1.0
-1.0
1.0
1.0
0.08142344375645003
-1.0
-1.0
-1.0
-1.0
0.037242509378769564
0.04369892457862651
-1.0
0.03132560749267963
1.0
0.5071874618213046
0.7675277452010912
-1.0
0.2953029227412384
-1.0
-1.0
-1.0
-1.0
-1.0
-1.0
-1.0
-1.0
-1.0
-1.0
-1.0
0.12586296510982162
0.1319348575751697
-1.0
-1.0
0.3467780157886685
0.14508018513580576
0.24034848839295778
0.3243241790753837
-1.0
-1.0
0.3636413264129207
-1.0
-1.0
-1.0
-1.0
0.09540550667034695
-1.0
-1.0
0.21485994706505773
0.15863769065635697
0.2798881043686876
-1.0
-1.0
0.04798713230444194
-1.0
0.5087016007205649
0.7841546495425514
0.3763635724743555
-1.0
-1.0
0.039557866463851045
-1.0
-1.0
-1.0
-1.0
0.10041808888387145
-1.0
-1.0
-1.0
-1.0
-1.0
-1.0
-1.0
-1.0
-1.0
-1.0
0.15253950519149542
0.25335526576819756
-1.0
-1.0
0.5628457306629391
0.6725126463717893
0.4708764816774879
-1.0
-1.0
0.5787067443702324
-1.0
0.2118440709309371
-1.0
0.14842751717318547
0.14734321292163813
-1.0
0.8069645907527816
0.1627209939683519
0.21617562994748538
-1.0
0.34066951362872044
-1.0
0.0486062344982794
-1.0
0.05678763256860104
0.13306162973759642
0.17117723757888495
-1.0
-1.0
-1.0
-1.0
0.15663548052650422
0.13204208192331882
0.10289236111196468
-1.0
-1.0
-1.0
-1.0
0.07574664733876511
-1.0
-1.0
0.08811279650987161
-1.0
-1.0
-1.0
0.1406942860938656
-1.0
-1.0
-1.0
-1.0
0.12278283725060694
-1.0
-1.0
-1.0
0.028663773428023984
0.10617210489867393
-1.0
0.06853505638170723
0.03940116118227828
0.5275351239452795
0.6774116844914803
1.0
0.06339267702232462
0.03911903512037176
0.09552028111434352
0.08986225731388424
-1.0
0.6162651695940995
0.7852270673535903
0.6841122199580536
-1.0
-1.0
-1.0
0.7264755340725222
-1.0
-1.0
-1.0
-1.0
0.3529960352731186
-1.0
-1.0
-1.0
0.28494069666538646
0.02655236366707094
-1.0
-1.0
-1.0
-1.0
-1.0
-1.0
0.11628708100453018
-1.0
0.13853139335001496
-1.0
-1.0
0.0392933300976244
-1.0
-1.0
0.11967075000971245
-1.0
-1.0
0.0784482396221726
-1.0
-1.0
0.4999539796020593
0.6261503311583092
-1.0
-1.0
-1.0
-1.0
-1.0
0.21246168614683547
0.33284439632798707
-1.0
-1.0
0.2765076580908167
0.23586705028897215
-1.0
0.5442641829596425
-1.0
0.5136920243240646
-1.0
-1.0
0.3565923668097218
0.45486843957017287
0.5823909639844029
0.6086971531025894
-1.0
-1.0
-1.0
0.6781815360195808
0.8148975720686249
0.5313001319844458
0.6189590143587416
-1.0
-1.0
-1.0
0.18355483573283002
-1.0
-1.0
-1.0
0.32648471655017014
0.45226984385875946
0.4634435651860507
-1.0
-1.0
0.1511843117569291
0.2035110842992583
-1.0
0.9109822058230724
-1.0
-1.0
0.04852559127540313
0.13996105098868758
0.2278235876962493
0.8144848960530602
-1.0
-1.0
-1.0
-1.0
-1.0
0.34264137099710457
0.21701096710357698
0.4433290375459977
0.07180153505686145
-1.0
-1.0
0.900421038087126
0.8196571976488205
-1.0
-1.0
0.132395644500965
0.21913782056933498
0.16563706660533278
0.09679541236016545
0.07994115884186305
0.06521279111009444
-1.0
0.07115007819091047
0.5818201124747019
-1.0
-1.0
0.27178267709685167
0.6017842054216586
0.49945127744246354
-1.0
-1.0
0.42390771664748483
0.6895449039875823
-1.0
-1.0
-1.0
-1.0
-1.0
0.7308429495882935
-1.0
-1.0
-1.0
-1.0
-1.0
-1.0
0.21572173946343443
0.17826112024194943
0.3942957635552083
0.35773607557948345
-1.0
0.7382095734440902
-1.0
-1.0
0.5960699269567089
0.7381356980484688
-1.0
-1.0
0.7292689273369809
0.35111933433542736
0.1076278097326224
-1.0
-1.0
1.0
0.44214622117722757
-1.0
0.11700318452323398
-1.0
0.15518677313561766
-1.0
-1.0
-1.0
-1.0
0.6553910165558943
0.5779970320803653
0.8696438536405974
0.8608697744465666
0.026278285320231402
-1.0
0.025289696362841396
-1.0
-1.0
-1.0
-1.0
0.9224526537373754
0.06051436600830233
0.029009038465408334
-1.0
-1.0
-1.0
0.2788219328539115
-1.0
-1.0
-1.0
-1.0
0.22969832528974637
0.6856195155352693
0.6667172869809663
-1.0
0.47335366570601306
-1.0
-1.0
-1.0
-1.0
-1.0
0.6247868752082232
-1.0
0.27661712263820437
0.4654907061729318
-1.0
0.2675288701214759
0.14672661347218513
0.22859056066204206
-1.0
0.3299990077684946
0.27382960483039825
0.11359823748047418
0.17166027842610804
0.28052937549335694
0.14683531723123336
0.11633688885120684
0.11448889668420367
0.4428441580669385
0.4457613118669364
-1.0
-1.0
-1.0
-1.0
-1.0
-1.0
-1.0
0.5684309387516455
0.7386909284732244
0.2798949917531392
-1.0
-1.0
-1.0
-1.0
-1.0
-1.0
-1.0
0.4815003722527472
-1.0
-1.0
0.23109938569429453
0.276798339454892
0.23957062369124688
-1.0
0.8435262417365731
-1.0
-1.0
0.47448125339770825
0.4391757340028691
-1.0
-1.0
0.17741335977025147
-1.0
-1.0
0.18568781594481443
0.23677408067460703
-1.0
-1.0
-1.0
-1.0
-1.0
0.606398589464413
0.3031508063409041
0.3033328460973089
0.3534210391980823
0.5207575507478075
-1.0
-1.0
-1.0
0.4270971252766393
0.4273251942292612
-1.0
-1.0
-1.0
-1.0
-1.0
-1.0
0.44279131053096227
-1.0
-1.0
0.11222407229353414
-1.0
0.12124097737709844
-1.0
0.6114861746950138
0.37875708404152125
0.18311630470561738
-1.0
-1.0
-1.0
-1.0
-1.0
0.06088538807952058
0.044104435867495045
1.0
0.2693350348290553
0.5783094155001006
0.3617021578130489
-1.0
0.7240957891784561
1.0
0.6797349712112533
0.7017247927574882
-1.0
-1.0
-1.0
-1.0
-1.0
-1.0
-1.0
0.20512150233839652
0.25340750113248023
0.07145091033805222
0.12424778857466984
0.13454800501540387
-1.0
0.7271018797005661
-1.0
-1.0
-1.0
0.2132189075652057
-1.0
-1.0
-1.0
-1.0
-1.0
-1.0
-1.0
0.6545699292045604
-1.0
-1.0
-1.0
-1.0
-1.0
-1.0
-1.0
0.7401950594846147
-1.0
-1.0
-1.0
-1.0
-1.0
-1.0
-1.0
0.022230298688153592
0.022038779444162195
0.08659393357778719
-1.0
-1.0
-1.0
-1.0
-1.0
1.0
-1.0
-1.0
-1.0
-1.0
0.03543630443421422
0.08511524736937558
0.11338764959307696
0.2669367190068989
-1.0
-1.0
-1.0
0.09658641112957918
-1.0
0.11658882966243543
0.05182060832462769
0.023137520044166585
0.15403198359659348
0.26924311757306024
-1.0
-1.0
0.21768592484630403
0.6022322965993051
-1.0
0.2740425976114517
-1.0
0.21979206418664193
-1.0
0.19641841927354967
-1.0
0.16647312582390378
-1.0
-1.0
-1.0
-1.0
-1.0
-1.0
-1.0
-1.0
0.08811004081114401
0.03300013250145291
0.11290563528246107
-1.0
0.7351108518147252
0.7503375173337911
-1.0
0.8760025419717706
0.8798046243145844
-1.0
-1.0
0.1879110863691873
-1.0
-1.0
-1.0
0.22423104730827528
0.311648781677923
0.2352489341198942
0.21313872385292665
-1.0
-1.0
0.223787960543423
0.28301499571548044
0.5687773988403078
-1.0
0.11401996352853024
-1.0
0.06335379564221223
-1.0
0.06602380825990073
-1.0
0.7647053646528433
-1.0
0.7882098816169424
1.0
-1.0
-1.0
0.13441552708942034
-1.0
-1.0
-1.0
-1.0
-1.0
0.5361475770887567
0.3443785444255804
-1.0
-1.0
0.34251828016318947
0.3955974492711546
-1.0
-1.0
0.3497369565382398
1.0
-1.0
-1.0
-1.0
-1.0
-1.0
-1.0
0.13900229846766243
-1.0
-1.0
0.06508110721509987
-1.0
-1.0
0.04890348362376115
-1.0
-1.0
0.2784579062531768
1.0
0.8452912175915298
0.48065004553762347
-1.0
-1.0
1.0
-1.0
0.4243518910810214
-1.0
-1.0
0.03899134473578621
0.06696063221686303
0.03985191818949236
-1.0
1.0
-1.0
-1.0
0.120873465562623
-1.0
-1.0
0.04309411600916656
-1.0
-1.0
-1.0
-1.0
0.07291721265142882
0.34532910861385946
-1.0
0.9953139977818924
-1.0
0.6151096834240661
-1.0
-1.0
0.04032226015035019
0.02569238166004985
-1.0
0.062710671192869
-1.0
0.2595896020823916
-1.0
0.5118738998344282
0.615809842686135
0.4943764561051589
1.0
-1.0
0.084903170901452
0.35620475348712516
1.0
-1.0
1.0
0.13776119548511898
-1.0
-1.0
-1.0
0.021617546805031147
-1.0
-1.0
-1.0
-1.0
0.02109516975774843
0.08450519641035041
-1.0
-1.0
0.06518755651594074
-1.0
0.03294880254803132
-1.0
-1.0
0.017854902500613206
0.0444755706354146
0.041581837045415765
-1.0
-1.0
0.3663010301067215
0.6834871262290579
-1.0
0.3736409693278268
0.24200830307204893
0.25645744392839154
0.4617873193695163
0.395760713004754
-1.0
-1.0
-1.0
-1.0
-1.0
0.2483814410699837
-1.0
-1.0
-1.0
-1.0
0.24551019715755326
0.399530684547326
0.7144494947233992
0.7726605422894165
0.68551553596112
-1.0
-1.0
-1.0
0.12073024842158499
0.2653976319390311
0.5287922673890105
0.5329643234988554
0.16353054363176195
0.11865929208494154
0.11643246064732156
-1.0
-1.0
-1.0
0.3421237550255695
0.40609600018553893
-1.0
-1.0
-1.0
-1.0
0.31394420744474777
0.42067434407336973
0.511642816838818
0.3748379635424739
0.4401388924663979
0.5665711519433676
-1.0
0.5157843442240632
0.28081362337889093
-1.0
-1.0
0.38330189360701555
-1.0
0.6158946419722924
-1.0
-1.0
0.28384620204405364
0.20382457391682687
-1.0
-1.0
-1.0
-1.0
0.2331798137677332
-1.0
-1.0
-1.0
-1.0
-1.0
0.07969387244862065
-1.0
0.7662368747490519
0.6375668939548426
-1.0
-1.0
-1.0
-1.0
-1.0
-1.0
0.47854681401591553
-1.0
-1.0
-1.0
0.6472652142136994
0.3181363155780362
-1.0
-1.0
0.1851808135477293
0.20980191554148303
-1.0
-1.0
0.13098605554309964
0.1502361523022659
-1.0
-1.0
-1.0
0.5979515591545427
-1.0
-1.0
-1.0
-1.0
-1.0
0.7603171088881882
0.900861366745738
-1.0
-1.0
0.6306046122396484
0.5397054920131602
0.23126535192061717
0.11689363701335376
0.07391844720773344
0.20045215152737486
0.34038535584563867
-1.0
-1.0
0.027924395448993552
-1.0
-1.0
0.04161431654939233
-1.0
-1.0
-1.0
-1.0
0.3274348658966557
-1.0
1.0
0.6172065789049032
-1.0
-1.0
0.26634841273973087
-1.0
-1.0
-1.0
-1.0
0.5051283094543979
0.6831600483625555
-1.0
-1.0
0.1474415160048029
-1.0
-1.0
0.7489682450844839
-1.0
0.7414219925397553
-1.0
0.4895323070734757
0.46062381621535675
-1.0
0.41678011261180187
-1.0
0.31577942831769235
-1.0
-1.0
0.16965229287368422
-1.0
-1.0
0.2964536664508493
0.1489169297490251
-1.0
0.3401267219750003
0.34210228896522327
-1.0
0.4281747007632578
-1.0
0.5437474743638359
-1.0
-1.0
-1.0
0.07467760696600376
-1.0
0.07010356936303117
0.05217985635262053
-1.0
0.049771831663956094
-1.0
0.6430853549435317
0.2865342052676646
0.10424519163810994
0.22419240137627452
0.35751307091961904
0.3828283984914705
0.4072189017962128
0.3149005509686844
-1.0
-1.0
-1.0
-1.0
-1.0
-1.0
0.8286923192368668
-1.0
0.5662236840235001
-1.0
0.48774684066363727
0.6237804839087737
-1.0
1.0
0.11390913075607975
0.09294036698604413
0.08649970339437235
0.024176333741905254
-1.0
0.09531906140350888
0.031692019978625544
-1.0
1.0
-1.0
-1.0
-1.0
-1.0
-1.0
0.07649955909196306
-1.0
-1.0
-1.0
-1.0
0.8331635824091408
0.689839982916292
-1.0
-1.0
-1.0
-1.0
-1.0
-1.0
-1.0
0.3393782916716855
-1.0
0.44851774395120225
1.0
-1.0
-1.0
0.4817949606288851
0.5309748821149168
-1.0
-1.0
-1.0
-1.0
0.41957692962675275
-1.0
-1.0
-1.0
-1.0
-1.0
0.19618426402581843
0.2917468260646709
-1.0
0.19669606941039408
-1.0
-1.0
-1.0
-1.0
-1.0
-1.0
0.14207732592027325
-1.0
-1.0
-1.0
0.6466200762357529
-1.0
-1.0
0.6820707526189465
0.6162818449082025
-1.0
-1.0
0.27631617393897834
-1.0
0.8526699124175406
0.5826369626353499
0.5759553430280839
0.4344571078145744
0.513753750769295
0.6319980117331341
-1.0
-1.0
0.20171563607058518
0.2926251845418047
-1.0
0.27220466287311423
-1.0
-1.0
0.4042912961720814
0.3946768548400349
0.3212106303603848
0.394005550331804
0.2919775090785454
0.2572931627220916
0.1647080529636776
0.21040047229584896
-1.0
0.2968529682078901
-1.0
0.27309099144135646
0.17996832519690842
0.2435330962666346
0.7816468864537721
0.5633461872233542
-1.0
0.09627899675279697
0.22177144335033222
-1.0
0.16617635004591053
-1.0
-1.0
-1.0
-1.0
-1.0
-1.0
-1.0
0.14360569789644345
0.13238860423654986
0.3424862629296332
-1.0
-1.0
-1.0
0.4999648270079604
0.6871049407948338
-1.0
0.2498549612318643
0.4119691736153445
0.37570698527987334
-1.0
-1.0
-1.0
-1.0
-1.0
-1.0
